395
  0   #
# Shift Slide Rise Roll Tilt Twist
C-G   0.140  -1.480   3.220   0.300   4.900  32.700
A-U   0.030  -1.590   3.160   0.200  10.600  30.700
C-G   0.140  -1.480   3.220   0.300   4.900  32.700
A-U   0.030  -1.590   3.160   0.200  10.600  30.700
C-G   0.140  -1.480   3.220   0.300   4.900  32.700
G-C   0.050  -1.840   3.290   0.300  10.800  29.100
G-C  -0.010  -1.850   3.300   0.000   7.400  31.100
G-C  -0.010  -1.850   3.300   0.000   7.400  31.100
G-C  -0.010  -1.850   3.300   0.000   7.400  31.100
G-C  -0.010  -1.850   3.300   0.000   7.400  31.100
A-U   0.020  -1.610   3.200   0.000   5.900  32.600
C-G   0.140  -1.480   3.220   0.300   4.900  32.700
A-U   0.030  -1.590   3.160   0.200  10.600  30.700
C-G   0.140  -1.480   3.220   0.300   4.900  32.700
A-U   0.030  -1.590   3.160   0.200  10.600  30.700
C-G   0.140  -1.480   3.220   0.300   4.900  32.700
G-C   0.050  -1.840   3.290   0.300  10.800  29.100
G-C  -0.010  -1.850   3.300   0.000   7.400  31.100
G-C  -0.010  -1.850   3.300   0.000   7.400  31.100
G-C  -0.010  -1.850   3.300   0.000   7.400  31.100
G-C  -0.010  -1.850   3.300   0.000   7.400  31.100
A-U   0.020  -1.610   3.200   0.000   5.900  32.600
C-G   0.140  -1.480   3.220   0.300   4.900  32.700
A-U   0.030  -1.590   3.160   0.200  10.600  30.700
C-G   0.140  -1.480   3.220   0.300   4.900  32.700
A-U   0.030  -1.590   3.160   0.200  10.600  30.700
C-G   0.140  -1.480   3.220   0.300   4.900  32.700
G-C   0.050  -1.840   3.290   0.300  10.800  29.100
G-C  -0.010  -1.850   3.300   0.000   7.400  31.100
G-C  -0.010  -1.850   3.300   0.000   7.400  31.100
G-C  -0.010  -1.850   3.300   0.000   7.400  31.100
G-C  -0.010  -1.850   3.300   0.000   7.400  31.100
A-U   0.020  -1.610   3.200   0.000   5.900  32.600
C-G   0.140  -1.480   3.220   0.300   4.900  32.700
A-U   0.030  -1.590   3.160   0.200  10.600  30.700
C-G   0.140  -1.480   3.220   0.300   4.900  32.700
A-U   0.030  -1.590   3.160   0.200  10.600  30.700
C-G   0.140  -1.480   3.220   0.300   4.900  32.700
G-C   0.050  -1.840   3.290   0.300  10.800  29.100
G-C  -0.010  -1.850   3.300   0.000   7.400  31.100
G-C  -0.010  -1.850   3.300   0.000   7.400  31.100
G-C  -0.010  -1.850   3.300   0.000   7.400  31.100
G-C  -0.010  -1.850   3.300   0.000   7.400  31.100
A-U   0.020  -1.610   3.200   0.000   5.900  32.600
C-G   0.140  -1.480   3.220   0.300   4.900  32.700
A-U   0.030  -1.590   3.160   0.200  10.600  30.700
C-G   0.140  -1.480   3.220   0.300   4.900  32.700
A-U   0.030  -1.590   3.160   0.200  10.600  30.700
C-G   0.140  -1.480   3.220   0.300   4.900  32.700
G-C   0.050  -1.840   3.290   0.300  10.800  29.100
G-C  -0.010  -1.850   3.300   0.000   7.400  31.100
G-C  -0.010  -1.850   3.300   0.000   7.400  31.100
G-C  -0.010  -1.850   3.300   0.000   7.400  31.100
G-C  -0.010  -1.850   3.300   0.000   7.400  31.100
A-U   0.020  -1.610   3.200   0.000   5.900  32.600
C-G   0.140  -1.480   3.220   0.300   4.900  32.700
A-U   0.030  -1.590   3.160   0.200  10.600  30.700
C-G   0.140  -1.480   3.220   0.300   4.900  32.700
A-U   0.030  -1.590   3.160   0.200  10.600  30.700
C-G   0.140  -1.480   3.220   0.300   4.900  32.700
G-C   0.050  -1.840   3.290   0.300  10.800  29.100
G-C  -0.010  -1.850   3.300   0.000   7.400  31.100
G-C  -0.010  -1.850   3.300   0.000   7.400  31.100
G-C  -0.010  -1.850   3.300   0.000   7.400  31.100
G-C  -0.010  -1.850   3.300   0.000   7.400  31.100
A-U   0.020  -1.610   3.200   0.000   5.900  32.600
C-G   0.140  -1.480   3.220   0.300   4.900  32.700
A-U   0.030  -1.590   3.160   0.200  10.600  30.700
C-G   0.140  -1.480   3.220   0.300   4.900  32.700
A-U   0.030  -1.590   3.160   0.200  10.600  30.700
C-G   0.140  -1.480   3.220   0.300   4.900  32.700
G-C   0.050  -1.840   3.290   0.300  10.800  29.100
G-C  -0.010  -1.850   3.300   0.000   7.400  31.100
G-C  -0.010  -1.850   3.300   0.000   7.400  31.100
G-C  -0.010  -1.850   3.300   0.000   7.400  31.100
G-C  -0.010  -1.850   3.300   0.000   7.400  31.100
A-U   0.020  -1.610   3.200   0.000   5.900  32.600
C-G   0.140  -1.480   3.220   0.300   4.900  32.700
A-U   0.030  -1.590   3.160   0.200  10.600  30.700
C-G   0.140  -1.480   3.220   0.300   4.900  32.700
A-U   0.030  -1.590   3.160   0.200  10.600  30.700
C-G   0.140  -1.480   3.220   0.300   4.900  32.700
G-C   0.050  -1.840   3.290   0.300  10.800  29.100
G-C  -0.010  -1.850   3.300   0.000   7.400  31.100
G-C  -0.010  -1.850   3.300   0.000   7.400  31.100
G-C  -0.010  -1.850   3.300   0.000   7.400  31.100
G-C  -0.010  -1.850   3.300   0.000   7.400  31.100
A-U   0.020  -1.610   3.200   0.000   5.900  32.600
C-G   0.140  -1.480   3.220   0.300   4.900  32.700
A-U   0.030  -1.590   3.160   0.200  10.600  30.700
C-G   0.140  -1.480   3.220   0.300   4.900  32.700
A-U   0.030  -1.590   3.160   0.200  10.600  30.700
C-G   0.140  -1.480   3.220   0.300   4.900  32.700
G-C   0.050  -1.840   3.290   0.300  10.800  29.100
G-C  -0.010  -1.850   3.300   0.000   7.400  31.100
G-C  -0.010  -1.850   3.300   0.000   7.400  31.100
G-C  -0.010  -1.850   3.300   0.000   7.400  31.100
G-C  -0.010  -1.850   3.300   0.000   7.400  31.100
A-U   0.020  -1.610   3.200   0.000   5.900  32.600
C-G   0.140  -1.480   3.220   0.300   4.900  32.700
A-U   0.030  -1.590   3.160   0.200  10.600  30.700
C-G   0.140  -1.480   3.220   0.300   4.900  32.700
A-U   0.030  -1.590   3.160   0.200  10.600  30.700
C-G   0.140  -1.480   3.220   0.300   4.900  32.700
G-C   0.050  -1.840   3.290   0.300  10.800  29.100
G-C  -0.010  -1.850   3.300   0.000   7.400  31.100
G-C  -0.010  -1.850   3.300   0.000   7.400  31.100
G-C  -0.010  -1.850   3.300   0.000   7.400  31.100
G-C  -0.010  -1.850   3.300   0.000   7.400  31.100
A-U   0.020  -1.610   3.200   0.000   5.900  32.600
C-G   0.140  -1.480   3.220   0.300   4.900  32.700
A-U   0.030  -1.590   3.160   0.200  10.600  30.700
C-G   0.140  -1.480   3.220   0.300   4.900  32.700
A-U   0.030  -1.590   3.160   0.200  10.600  30.700
C-G   0.140  -1.480   3.220   0.300   4.900  32.700
G-C   0.050  -1.840   3.290   0.300  10.800  29.100
G-C  -0.010  -1.850   3.300   0.000   7.400  31.100
G-C  -0.010  -1.850   3.300   0.000   7.400  31.100
G-C  -0.010  -1.850   3.300   0.000   7.400  31.100
G-C  -0.010  -1.850   3.300   0.000   7.400  31.100
A-U   0.020  -1.610   3.200   0.000   5.900  32.600
C-G   0.140  -1.480   3.220   0.300   4.900  32.700
A-U   0.030  -1.590   3.160   0.200  10.600  30.700
C-G   0.140  -1.480   3.220   0.300   4.900  32.700
A-U   0.030  -1.590   3.160   0.200  10.600  30.700
C-G   0.140  -1.480   3.220   0.300   4.900  32.700
G-C   0.050  -1.840   3.290   0.300  10.800  29.100
G-C  -0.010  -1.850   3.300   0.000   7.400  31.100
G-C  -0.010  -1.850   3.300   0.000   7.400  31.100
G-C  -0.010  -1.850   3.300   0.000   7.400  31.100
G-C  -0.010  -1.850   3.300   0.000   7.400  31.100
A-U   0.020  -1.610   3.200   0.000   5.900  32.600
C-G   0.140  -1.480   3.220   0.300   4.900  32.700
A-U   0.030  -1.590   3.160   0.200  10.600  30.700
C-G   0.140  -1.480   3.220   0.300   4.900  32.700
A-U   0.030  -1.590   3.160   0.200  10.600  30.700
C-G   0.140  -1.480   3.220   0.300   4.900  32.700
G-C   0.050  -1.840   3.290   0.300  10.800  29.100
G-C  -0.010  -1.850   3.300   0.000   7.400  31.100
G-C  -0.010  -1.850   3.300   0.000   7.400  31.100
G-C  -0.010  -1.850   3.300   0.000   7.400  31.100
G-C  -0.010  -1.850   3.300   0.000   7.400  31.100
A-U   0.020  -1.610   3.200   0.000   5.900  32.600
C-G   0.140  -1.480   3.220   0.300   4.900  32.700
A-U   0.030  -1.590   3.160   0.200  10.600  30.700
C-G   0.140  -1.480   3.220   0.300   4.900  32.700
A-U   0.030  -1.590   3.160   0.200  10.600  30.700
C-G   0.140  -1.480   3.220   0.300   4.900  32.700
G-C   0.050  -1.840   3.290   0.300  10.800  29.100
G-C  -0.010  -1.850   3.300   0.000   7.400  31.100
G-C  -0.010  -1.850   3.300   0.000   7.400  31.100
G-C  -0.010  -1.850   3.300   0.000   7.400  31.100
G-C  -0.010  -1.850   3.300   0.000   7.400  31.100
A-U   0.020  -1.610   3.200   0.000   5.900  32.600
C-G   0.140  -1.480   3.220   0.300   4.900  32.700
A-U   0.030  -1.590   3.160   0.200  10.600  30.700
C-G   0.140  -1.480   3.220   0.300   4.900  32.700
A-U   0.030  -1.590   3.160   0.200  10.600  30.700
C-G   0.140  -1.480   3.220   0.300   4.900  32.700
G-C   0.050  -1.840   3.290   0.300  10.800  29.100
G-C  -0.010  -1.850   3.300   0.000   7.400  31.100
G-C  -0.010  -1.850   3.300   0.000   7.400  31.100
G-C  -0.010  -1.850   3.300   0.000   7.400  31.100
G-C  -0.010  -1.850   3.300   0.000   7.400  31.100
A-U   0.020  -1.610   3.200   0.000   5.900  32.600
C-G   0.140  -1.480   3.220   0.300   4.900  32.700
A-U   0.030  -1.590   3.160   0.200  10.600  30.700
C-G   0.140  -1.480   3.220   0.300   4.900  32.700
A-U   0.030  -1.590   3.160   0.200  10.600  30.700
C-G   0.140  -1.480   3.220   0.300   4.900  32.700
G-C   0.050  -1.840   3.290   0.300  10.800  29.100
G-C  -0.010  -1.850   3.300   0.000   7.400  31.100
G-C  -0.010  -1.850   3.300   0.000   7.400  31.100
G-C  -0.010  -1.850   3.300   0.000   7.400  31.100
G-C  -0.010  -1.850   3.300   0.000   7.400  31.100
A-U   0.020  -1.610   3.200   0.000   5.900  32.600
C-G   0.140  -1.480   3.220   0.300   4.900  32.700
A-U   0.030  -1.590   3.160   0.200  10.600  30.700
C-G   0.140  -1.480   3.220   0.300   4.900  32.700
A-U   0.030  -1.590   3.160   0.200  10.600  30.700
C-G   0.140  -1.480   3.220   0.300   4.900  32.700
G-C   0.050  -1.840   3.290   0.300  10.800  29.100
G-C  -0.010  -1.850   3.300   0.000   7.400  31.100
G-C  -0.010  -1.850   3.300   0.000   7.400  31.100
G-C  -0.010  -1.850   3.300   0.000   7.400  31.100
G-C  -0.010  -1.850   3.300   0.000   7.400  31.100
A-U   0.020  -1.610   3.200   0.000   5.900  32.600
C-G   0.140  -1.480   3.220   0.300   4.900  32.700
A-U   0.030  -1.590   3.160   0.200  10.600  30.700
C-G   0.140  -1.480   3.220   0.300   4.900  32.700
A-U   0.030  -1.590   3.160   0.200  10.600  30.700
C-G   0.140  -1.480   3.220   0.300   4.900  32.700
G-C   0.050  -1.840   3.290   0.300  10.800  29.100
G-C  -0.010  -1.850   3.300   0.000   7.400  31.100
G-C  -0.010  -1.850   3.300   0.000   7.400  31.100
G-C  -0.010  -1.850   3.300   0.000   7.400  31.100
G-C  -0.010  -1.850   3.300   0.000   7.400  31.100
A-U   0.020  -1.610   3.200   0.000   5.900  32.600
C-G   0.140  -1.480   3.220   0.300   4.900  32.700
A-U   0.030  -1.590   3.160   0.200  10.600  30.700
C-G   0.140  -1.480   3.220   0.300   4.900  32.700
A-U   0.030  -1.590   3.160   0.200  10.600  30.700
C-G   0.140  -1.480   3.220   0.300   4.900  32.700
G-C   0.050  -1.840   3.290   0.300  10.800  29.100
G-C  -0.010  -1.850   3.300   0.000   7.400  31.100
G-C  -0.010  -1.850   3.300   0.000   7.400  31.100
G-C  -0.010  -1.850   3.300   0.000   7.400  31.100
G-C  -0.010  -1.850   3.300   0.000   7.400  31.100
A-U   0.020  -1.610   3.200   0.000   5.900  32.600
C-G   0.140  -1.480   3.220   0.300   4.900  32.700
A-U   0.030  -1.590   3.160   0.200  10.600  30.700
C-G   0.140  -1.480   3.220   0.300   4.900  32.700
A-U   0.030  -1.590   3.160   0.200  10.600  30.700
C-G   0.140  -1.480   3.220   0.300   4.900  32.700
G-C   0.050  -1.840   3.290   0.300  10.800  29.100
G-C  -0.010  -1.850   3.300   0.000   7.400  31.100
G-C  -0.010  -1.850   3.300   0.000   7.400  31.100
G-C  -0.010  -1.850   3.300   0.000   7.400  31.100
G-C  -0.010  -1.850   3.300   0.000   7.400  31.100
A-U   0.020  -1.610   3.200   0.000   5.900  32.600
C-G   0.140  -1.480   3.220   0.300   4.900  32.700
A-U   0.030  -1.590   3.160   0.200  10.600  30.700
C-G   0.140  -1.480   3.220   0.300   4.900  32.700
A-U   0.030  -1.590   3.160   0.200  10.600  30.700
C-G   0.140  -1.480   3.220   0.300   4.900  32.700
G-C   0.050  -1.840   3.290   0.300  10.800  29.100
G-C  -0.010  -1.850   3.300   0.000   7.400  31.100
G-C  -0.010  -1.850   3.300   0.000   7.400  31.100
G-C  -0.010  -1.850   3.300   0.000   7.400  31.100
G-C  -0.010  -1.850   3.300   0.000   7.400  31.100
A-U   0.020  -1.610   3.200   0.000   5.900  32.600
C-G   0.140  -1.480   3.220   0.300   4.900  32.700
A-U   0.030  -1.590   3.160   0.200  10.600  30.700
C-G   0.140  -1.480   3.220   0.300   4.900  32.700
A-U   0.030  -1.590   3.160   0.200  10.600  30.700
C-G   0.140  -1.480   3.220   0.300   4.900  32.700
G-C   0.050  -1.840   3.290   0.300  10.800  29.100
G-C  -0.010  -1.850   3.300   0.000   7.400  31.100
G-C  -0.010  -1.850   3.300   0.000   7.400  31.100
G-C  -0.010  -1.850   3.300   0.000   7.400  31.100
G-C  -0.010  -1.850   3.300   0.000   7.400  31.100
A-U   0.020  -1.610   3.200   0.000   5.900  32.600
C-G   0.140  -1.480   3.220   0.300   4.900  32.700
A-U   0.030  -1.590   3.160   0.200  10.600  30.700
C-G   0.140  -1.480   3.220   0.300   4.900  32.700
A-U   0.030  -1.590   3.160   0.200  10.600  30.700
C-G   0.140  -1.480   3.220   0.300   4.900  32.700
G-C   0.050  -1.840   3.290   0.300  10.800  29.100
G-C  -0.010  -1.850   3.300   0.000   7.400  31.100
G-C  -0.010  -1.850   3.300   0.000   7.400  31.100
G-C  -0.010  -1.850   3.300   0.000   7.400  31.100
G-C  -0.010  -1.850   3.300   0.000   7.400  31.100
A-U   0.020  -1.610   3.200   0.000   5.900  32.600
C-G   0.140  -1.480   3.220   0.300   4.900  32.700
A-U   0.030  -1.590   3.160   0.200  10.600  30.700
C-G   0.140  -1.480   3.220   0.300   4.900  32.700
A-U   0.030  -1.590   3.160   0.200  10.600  30.700
C-G   0.140  -1.480   3.220   0.300   4.900  32.700
G-C   0.050  -1.840   3.290   0.300  10.800  29.100
G-C  -0.010  -1.850   3.300   0.000   7.400  31.100
G-C  -0.010  -1.850   3.300   0.000   7.400  31.100
G-C  -0.010  -1.850   3.300   0.000   7.400  31.100
G-C  -0.010  -1.850   3.300   0.000   7.400  31.100
A-U   0.020  -1.610   3.200   0.000   5.900  32.600
C-G   0.140  -1.480   3.220   0.300   4.900  32.700
A-U   0.030  -1.590   3.160   0.200  10.600  30.700
C-G   0.140  -1.480   3.220   0.300   4.900  32.700
A-U   0.030  -1.590   3.160   0.200  10.600  30.700
C-G   0.140  -1.480   3.220   0.300   4.900  32.700
G-C   0.050  -1.840   3.290   0.300  10.800  29.100
G-C  -0.010  -1.850   3.300   0.000   7.400  31.100
G-C  -0.010  -1.850   3.300   0.000   7.400  31.100
G-C  -0.010  -1.850   3.300   0.000   7.400  31.100
G-C  -0.010  -1.850   3.300   0.000   7.400  31.100
A-U   0.020  -1.610   3.200   0.000   5.900  32.600
C-G   0.140  -1.480   3.220   0.300   4.900  32.700
A-U   0.030  -1.590   3.160   0.200  10.600  30.700
C-G   0.140  -1.480   3.220   0.300   4.900  32.700
A-U   0.030  -1.590   3.160   0.200  10.600  30.700
C-G   0.140  -1.480   3.220   0.300   4.900  32.700
G-C   0.050  -1.840   3.290   0.300  10.800  29.100
G-C  -0.010  -1.850   3.300   0.000   7.400  31.100
G-C  -0.010  -1.850   3.300   0.000   7.400  31.100
G-C  -0.010  -1.850   3.300   0.000   7.400  31.100
G-C  -0.010  -1.850   3.300   0.000   7.400  31.100
A-U   0.020  -1.610   3.200   0.000   5.900  32.600
C-G   0.140  -1.480   3.220   0.300   4.900  32.700
A-U   0.030  -1.590   3.160   0.200  10.600  30.700
C-G   0.140  -1.480   3.220   0.300   4.900  32.700
A-U   0.030  -1.590   3.160   0.200  10.600  30.700
C-G   0.140  -1.480   3.220   0.300   4.900  32.700
G-C   0.050  -1.840   3.290   0.300  10.800  29.100
G-C  -0.010  -1.850   3.300   0.000   7.400  31.100
G-C  -0.010  -1.850   3.300   0.000   7.400  31.100
G-C  -0.010  -1.850   3.300   0.000   7.400  31.100
G-C  -0.010  -1.850   3.300   0.000   7.400  31.100
A-U   0.020  -1.610   3.200   0.000   5.900  32.600
C-G   0.140  -1.480   3.220   0.300   4.900  32.700
A-U   0.030  -1.590   3.160   0.200  10.600  30.700
C-G   0.140  -1.480   3.220   0.300   4.900  32.700
A-U   0.030  -1.590   3.160   0.200  10.600  30.700
C-G   0.140  -1.480   3.220   0.300   4.900  32.700
G-C   0.050  -1.840   3.290   0.300  10.800  29.100
G-C  -0.010  -1.850   3.300   0.000   7.400  31.100
G-C  -0.010  -1.850   3.300   0.000   7.400  31.100
G-C  -0.010  -1.850   3.300   0.000   7.400  31.100
G-C  -0.010  -1.850   3.300   0.000   7.400  31.100
A-U   0.020  -1.610   3.200   0.000   5.900  32.600
C-G   0.140  -1.480   3.220   0.300   4.900  32.700
A-U   0.030  -1.590   3.160   0.200  10.600  30.700
C-G   0.140  -1.480   3.220   0.300   4.900  32.700
A-U   0.030  -1.590   3.160   0.200  10.600  30.700
C-G   0.140  -1.480   3.220   0.300   4.900  32.700
G-C   0.050  -1.840   3.290   0.300  10.800  29.100
G-C  -0.010  -1.850   3.300   0.000   7.400  31.100
G-C  -0.010  -1.850   3.300   0.000   7.400  31.100
G-C  -0.010  -1.850   3.300   0.000   7.400  31.100
G-C  -0.010  -1.850   3.300   0.000   7.400  31.100
A-U   0.020  -1.610   3.200   0.000   5.900  32.600
C-G   0.140  -1.480   3.220   0.300   4.900  32.700
A-U   0.030  -1.590   3.160   0.200  10.600  30.700
C-G   0.140  -1.480   3.220   0.300   4.900  32.700
A-U   0.030  -1.590   3.160   0.200  10.600  30.700
C-G   0.140  -1.480   3.220   0.300   4.900  32.700
G-C   0.050  -1.840   3.290   0.300  10.800  29.100
G-C  -0.010  -1.850   3.300   0.000   7.400  31.100
G-C  -0.010  -1.850   3.300   0.000   7.400  31.100
G-C  -0.010  -1.850   3.300   0.000   7.400  31.100
G-C  -0.010  -1.850   3.300   0.000   7.400  31.100
A-U   0.020  -1.610   3.200   0.000   5.900  32.600
C-G   0.140  -1.480   3.220   0.300   4.900  32.700
A-U   0.030  -1.590   3.160   0.200  10.600  30.700
C-G   0.140  -1.480   3.220   0.300   4.900  32.700
A-U   0.030  -1.590   3.160   0.200  10.600  30.700
C-G   0.140  -1.480   3.220   0.300   4.900  32.700
G-C   0.050  -1.840   3.290   0.300  10.800  29.100
G-C  -0.010  -1.850   3.300   0.000   7.400  31.100
G-C  -0.010  -1.850   3.300   0.000   7.400  31.100
G-C  -0.010  -1.850   3.300   0.000   7.400  31.100
G-C  -0.010  -1.850   3.300   0.000   7.400  31.100
A-U   0.020  -1.610   3.200   0.000   5.900  32.600
C-G   0.140  -1.480   3.220   0.300   4.900  32.700
A-U   0.030  -1.590   3.160   0.200  10.600  30.700
C-G   0.140  -1.480   3.220   0.300   4.900  32.700
A-U   0.030  -1.590   3.160   0.200  10.600  30.700
C-G   0.140  -1.480   3.220   0.300   4.900  32.700
G-C   0.050  -1.840   3.290   0.300  10.800  29.100
G-C  -0.010  -1.850   3.300   0.000   7.400  31.100
G-C  -0.010  -1.850   3.300   0.000   7.400  31.100
G-C  -0.010  -1.850   3.300   0.000   7.400  31.100
G-C  -0.010  -1.850   3.300   0.000   7.400  31.100
A-U   0.020  -1.610   3.200   0.000   5.900  32.600
C-G   0.140  -1.480   3.220   0.300   4.900  32.700
A-U   0.030  -1.590   3.160   0.200  10.600  30.700
C-G   0.140  -1.480   3.220   0.300   4.900  32.700
A-U   0.030  -1.590   3.160   0.200  10.600  30.700
C-G   0.140  -1.480   3.220   0.300   4.900  32.700
G-C   0.050  -1.840   3.290   0.300  10.800  29.100
G-C  -0.010  -1.850   3.300   0.000   7.400  31.100
G-C  -0.010  -1.850   3.300   0.000   7.400  31.100
G-C  -0.010  -1.850   3.300   0.000   7.400  31.100
G-C  -0.010  -1.850   3.300   0.000   7.400  31.100
A-U   0.020  -1.610   3.200   0.000   5.900  32.600
C-G   0.140  -1.480   3.220   0.300   4.900  32.700
A-U   0.030  -1.590   3.160   0.200  10.600  30.700
C-G   0.140  -1.480   3.220   0.300   4.900  32.700
A-U   0.030  -1.590   3.160   0.200  10.600  30.700
C-G   0.140  -1.480   3.220   0.300   4.900  32.700
G-C   0.050  -1.840   3.290   0.300  10.800  29.100
G-C  -0.010  -1.850   3.300   0.000   7.400  31.100
G-C  -0.010  -1.850   3.300   0.000   7.400  31.100
G-C  -0.010  -1.850   3.300   0.000   7.400  31.100
G-C  -0.010  -1.850   3.300   0.000   7.400  31.100
A-U   0.020  -1.610   3.200   0.000   5.900  32.600
C-G   0.140  -1.480   3.220   0.300   4.900  32.700
A-U   0.030  -1.590   3.160   0.200  10.600  30.700
C-G   0.140  -1.480   3.220   0.300   4.900  32.700
A-U   0.030  -1.590   3.160   0.200  10.600  30.700
C-G   0.140  -1.480   3.220   0.300   4.900  32.700
G-C   0.050  -1.840   3.290   0.300  10.800  29.100
G-C  -0.010  -1.850   3.300   0.000   7.400  31.100
G-C  -0.010  -1.850   3.300   0.000   7.400  31.100
G-C  -0.010  -1.850   3.300   0.000   7.400  31.100
G-C  -0.010  -1.850   3.300   0.000   7.400  31.100
A-U   0.020  -1.610   3.200   0.000   5.900  32.600
C-G   0.140  -1.480   3.220   0.300   4.900  32.700
A-U   0.030  -1.590   3.160   0.200  10.600  30.700
C-G   0.140  -1.480   3.220   0.300   4.900  32.700
A-U   0.030  -1.590   3.160   0.200  10.600  30.700
C-G   0.140  -1.480   3.220   0.300   4.900  32.700
G-C   0.050  -1.840   3.290   0.300  10.800  29.100
G-C  -0.010  -1.850   3.300   0.000   7.400  31.100
G-C  -0.010  -1.850   3.300   0.000   7.400  31.100
G-C  -0.010  -1.850   3.300   0.000   7.400  31.100
G-C  -0.010  -1.850   3.300   0.000   7.400  31.100
