Reference frame: Origins (Ox, Oy, Oz) followed by the direction cosines of the
                 X- (Xx, Yx, Zx), Y- (Yx, Yx, Yx), and Z- (Zx, Zx, Zx) axes
*****************************************************************************************
Local base-pair reference frames
                Ox      Oy      Oz     Xx    Xy    Xz   Yx    Yy    Yz    Zx    Zy    Zz
   1 G-C      53.77   42.00   52.58 -0.33 -0.28 -0.90 -0.50  0.86 -0.09  0.80  0.42 -0.43
   2 C-G      57.17   41.87   50.98 -0.67  0.20 -0.72 -0.23  0.86  0.45  0.71  0.47 -0.53
   3 G-C      59.23   42.52   48.40 -0.79  0.54 -0.30  0.18  0.67  0.72  0.59  0.51 -0.62
   4 G-U      59.91   43.44   45.52 -0.74  0.67  0.08  0.43  0.38  0.82  0.52  0.64 -0.57
   5 A-U      60.65   45.60   42.80 -0.27  0.67  0.69  0.85 -0.16  0.50  0.45  0.72 -0.53
   6 U-A      60.51   48.83   41.20  0.16  0.36  0.92  0.90 -0.43  0.01  0.40  0.83 -0.40
   7 U-A      60.68   52.27   39.96  0.51 -0.05  0.86  0.71 -0.54 -0.46  0.48  0.84 -0.24
   8 U-A      72.70   45.20    5.31 -0.45 -0.78  0.44  0.89 -0.32  0.33 -0.12  0.54  0.83
   9 G-C      70.47   46.98    7.63  0.03 -0.89  0.45  0.99  0.08  0.08 -0.11  0.44  0.89
  10 G-C      68.67   48.05   10.61  0.65 -0.68  0.35  0.76  0.63 -0.19 -0.09  0.39  0.92
  11 G-C      68.20   47.94   17.80  0.72  0.60 -0.35 -0.66  0.75 -0.06  0.23  0.27  0.93
  12 C-G      67.56   44.17   20.98  0.06  0.98 -0.20 -0.96  0.11  0.25  0.26  0.18  0.95
  13 U-A      69.67   44.78   23.77 -0.47  0.87 -0.14 -0.85 -0.40  0.36  0.25  0.29  0.92
  14 C-G      70.64   48.17   25.53 -0.82  0.58  0.03 -0.51 -0.74  0.43  0.27  0.34  0.90
  15 A-U      73.97   49.12   27.61 -0.84 -0.26  0.48  0.38 -0.91  0.15  0.40  0.31  0.86
  16 G+C      72.92   53.87   29.92 -0.75  0.66 -0.06 -0.60 -0.65  0.45  0.26  0.38  0.89
  17 G-C      83.84   67.91   34.28  0.46 -0.39  0.80  0.21 -0.83 -0.52  0.87  0.41 -0.30
  18 U-A      69.74   32.92   -2.68  0.63  0.63 -0.45  0.73 -0.69  0.05 -0.28 -0.36 -0.89
  19 U-A      61.65   59.85   41.82  0.80 -0.60  0.01 -0.09 -0.14 -0.99  0.59  0.79 -0.16
  20 G-C      64.47   62.20   42.49  0.55 -0.68 -0.49 -0.45  0.25 -0.86  0.70  0.69 -0.17
  21 U-A      67.33   63.74   42.47  0.17 -0.53 -0.83 -0.68  0.55 -0.49  0.71  0.65 -0.26
  22 G-C      71.16   64.37   41.20 -0.27 -0.20 -0.94 -0.62  0.78  0.01  0.73  0.59 -0.33
*****************************************************************************************
Local middle reference frames
                Ox      Oy      Oz     Xx    Xy    Xz   Yx    Yy    Yz    Zx    Zy    Zz
   1 GC/GC    55.47   41.94   51.78 -0.52 -0.04 -0.85 -0.40  0.90  0.20  0.76  0.44 -0.48
   2 CG/CG    58.20   42.20   49.69 -0.76  0.38 -0.53 -0.04  0.78  0.62  0.65  0.49 -0.58
   3 GG/UC    59.57   42.98   46.96 -0.77  0.62 -0.12  0.30  0.53  0.79  0.56  0.58 -0.60
   4 GA/UU    60.28   44.52   44.16 -0.55  0.73  0.42  0.68  0.10  0.72  0.48  0.68 -0.55
   5 AU/AU    60.58   47.22   42.00 -0.06  0.54  0.84  0.90 -0.33  0.27  0.42  0.78 -0.47
   6 UU/AA    60.60   50.55   40.58  0.35  0.16  0.92  0.82 -0.52 -0.22  0.44  0.84 -0.32
   7 UU/AA    66.69   48.74   22.64 -0.03 -0.39  0.92  0.97 -0.23 -0.07  0.24  0.89  0.38
   8 UG/CA    71.59   46.09    6.47 -0.22 -0.86  0.46  0.97 -0.13  0.20 -0.11  0.49  0.86
   9 GG/CC    69.57   47.51    9.12  0.36 -0.83  0.42  0.93  0.37 -0.07 -0.10  0.42  0.90
  10 GG/CC    68.43   47.99   14.21  1.00 -0.08 -0.05  0.05  0.94 -0.34  0.07  0.34  0.94
  11 GC/GC    67.88   46.05   19.39  0.42  0.85 -0.31 -0.88  0.47  0.11  0.25  0.23  0.94
  12 CU/AG    68.61   44.47   22.37 -0.21  0.96 -0.18 -0.94 -0.15  0.30  0.26  0.23  0.94
  13 UC/GA    70.15   46.47   24.65 -0.66  0.74 -0.07 -0.70 -0.59  0.40  0.26  0.32  0.91
  14 CA/UG    72.31   48.64   26.57 -0.94  0.18  0.29 -0.06 -0.93  0.37  0.33  0.33  0.88
  15 AG/CU    73.45   51.49   28.76 -0.94  0.24  0.26 -0.12 -0.91  0.40  0.33  0.34  0.88
  16 GG/CC    78.38   60.89   32.10 -0.54  0.14  0.83  0.38 -0.84  0.38  0.75  0.52  0.40
  17 GU/AC    76.79   50.41   15.80  0.85  0.31  0.43  0.29 -0.95  0.11  0.44  0.03 -0.90
  18 UU/AA    65.69   46.39   19.57  0.95  0.03  0.30  0.13 -0.93 -0.34  0.27  0.36 -0.89
  19 UG/CA    63.06   61.03   42.15  0.70 -0.67 -0.25 -0.30  0.04 -0.95  0.65  0.74 -0.17
  20 GU/AC    65.90   62.97   42.48  0.38 -0.62 -0.68 -0.59  0.40 -0.70  0.71  0.67 -0.22
  21 UG/CA    69.24   64.05   41.83 -0.05 -0.38 -0.92 -0.69  0.69 -0.24  0.73  0.62 -0.30
*****************************************************************************************
Local middle helical reference frames
                Ox      Oy      Oz     Xx    Xy    Xz   Yx    Yy    Yz    Zx    Zy    Zz
   1 GC/GC    53.88   41.86   48.40 -0.45  0.01 -0.89 -0.55  0.78  0.29  0.70  0.62 -0.35
   2 CG/CG    55.49   43.44   47.82 -0.78  0.36 -0.52 -0.22  0.61  0.76  0.59  0.70 -0.40
   3 GG/UC    56.42   47.68   47.71 -0.63  0.74 -0.21  0.11  0.36  0.93  0.77  0.56 -0.30
   4 GA/UU    59.12   45.99   45.01 -0.56  0.71  0.43  0.61 -0.00  0.79  0.57  0.70 -0.43
   5 AU/AU    60.44   49.02   45.64 -0.10  0.49  0.87  0.75 -0.54  0.39  0.66  0.69 -0.31
   6 UU/AA    61.75   51.86   44.39  0.38  0.20  0.90  0.64 -0.76 -0.11  0.66  0.62 -0.41
   7 UU/AA    81.40   59.39   25.57 -0.11  0.03  0.99  0.81  0.58  0.07 -0.57  0.81 -0.09
   8 UG/CA    70.93   41.88    9.06 -0.22 -0.83  0.52  0.97 -0.24  0.02  0.11  0.51  0.85
   9 GG/CC    70.10   45.26   10.25  0.36 -0.83  0.42  0.93  0.33 -0.15 -0.01  0.45  0.90
  10 GG/CC    70.07   47.38   14.31  0.99 -0.09 -0.09  0.04  0.88 -0.48  0.12  0.47  0.87
  11 GC/GC    72.87   44.05   18.02  0.39  0.83 -0.39 -0.85  0.49  0.19  0.35  0.26  0.90
  12 CU/AG    68.67   47.83   21.60 -0.22  0.95 -0.21 -0.97 -0.20  0.10  0.06  0.22  0.97
  13 UC/GA    65.21   47.72   24.98 -0.69  0.71 -0.16 -0.71 -0.61  0.35  0.15  0.36  0.92
  14 CA/UG    72.41   50.52   25.54 -0.94  0.18  0.30 -0.02 -0.88  0.47  0.35  0.44  0.83
  15 AG/CU    75.71   52.84   27.02 -0.93  0.25  0.28 -0.08 -0.86  0.50  0.37  0.44  0.82
  16 GG/CC    78.30   61.07   31.71 -0.58  0.09  0.81  0.63 -0.57  0.52  0.51  0.82  0.28
  17 GU/AC    73.96   40.33   26.43  0.74  0.37  0.57 -0.20 -0.68  0.70  0.65 -0.63 -0.43
  18 UU/AA    68.52   39.51   24.25  0.66 -0.04  0.75 -0.13 -0.99  0.07  0.74 -0.14 -0.66
  19 UG/CA    65.52   58.34   41.15  0.67 -0.71 -0.23 -0.46 -0.14 -0.88  0.59  0.69 -0.42
  20 GU/AC    66.66   61.54   40.10  0.42 -0.57 -0.70 -0.70  0.29 -0.65  0.58  0.77 -0.28
  21 UG/CA    68.18   62.87   38.02 -0.09 -0.42 -0.90 -0.78  0.59 -0.20  0.61  0.69 -0.39
*****************************************************************************************
Local strand I base reference frames
                Ox      Oy      Oz     Xx    Xy    Xz   Yx    Yy    Yz    Zx    Zy    Zz
   1 G        53.76   41.87   52.93 -0.26 -0.25 -0.93 -0.54  0.84 -0.07  0.80  0.49 -0.35
   2 C        57.14   41.86   50.90 -0.59  0.22 -0.77 -0.29  0.83  0.47  0.75  0.51 -0.43
   3 G        59.28   42.48   48.35 -0.72  0.59 -0.36  0.15  0.65  0.75  0.67  0.48 -0.56
   4 G        60.86   42.63   45.08 -0.70  0.72  0.02  0.47  0.44  0.76  0.54  0.54 -0.65
   5 A        60.65   45.66   42.82 -0.16  0.77  0.62  0.88 -0.18  0.45  0.46  0.62 -0.64
   6 U        60.44   48.83   41.24  0.28  0.50  0.82  0.89 -0.46 -0.03  0.36  0.73 -0.58
   7 U        60.62   52.33   40.00  0.53 -0.04  0.85  0.69 -0.56 -0.45  0.49  0.83 -0.27
   8 U        72.76   45.35    5.22 -0.44 -0.74  0.52  0.90 -0.32  0.31 -0.06  0.60  0.80
   9 G        70.44   47.12    7.76  0.04 -0.85  0.53  0.99  0.09  0.05 -0.09  0.53  0.85
  10 G        68.56   48.14   10.77  0.60 -0.63  0.49  0.79  0.58 -0.23 -0.14  0.52  0.84
  11 G        70.58   50.53   17.23  0.82  0.50 -0.28 -0.57  0.73 -0.37  0.02  0.47  0.88
  12 C        67.68   44.30   21.04  0.07  1.00 -0.05 -0.98  0.08  0.19  0.20  0.04  0.98
  13 U        69.73   44.75   23.86 -0.42  0.90 -0.12 -0.89 -0.38  0.26  0.19  0.22  0.96
  14 C        70.58   48.29   25.50 -0.82  0.57  0.02 -0.49 -0.72  0.48  0.29  0.38  0.88
  15 A        75.49   50.66   26.80 -0.85  0.52  0.09 -0.44 -0.79  0.42  0.29  0.32  0.90
  16 G        71.77   52.72   30.84 -0.74 -0.49  0.47  0.61 -0.78  0.15  0.29  0.40  0.87
  17 G        83.70   68.00   34.12  0.64 -0.32  0.70  0.02 -0.90 -0.43  0.77  0.28 -0.57
  18 U        68.02   37.86   -4.80  0.29  0.93 -0.23  0.93 -0.33 -0.17 -0.24 -0.17 -0.96
  19 U        61.57   59.86   41.91  0.83 -0.55  0.02 -0.08 -0.16 -0.98  0.55  0.82 -0.18
  20 G        64.38   62.13   42.62  0.62 -0.59 -0.52 -0.50  0.22 -0.84  0.61  0.78 -0.16
  21 U        67.35   63.79   42.60  0.22 -0.45 -0.86 -0.69  0.55 -0.47  0.69  0.70 -0.19
  22 G        71.19   64.30   41.35 -0.21 -0.14 -0.97 -0.69  0.72  0.04  0.69  0.68 -0.25
*****************************************************************************************
Local strand II base reference frames
                Ox      Oy      Oz     Xx    Xy    Xz   Yx    Yy    Yz    Zx    Zy    Zz
   1 C        53.78   42.13   52.22 -0.40 -0.31 -0.86 -0.45  0.89 -0.11  0.80  0.34 -0.50
   2 G        57.19   41.89   51.05 -0.73  0.18 -0.66 -0.17  0.89  0.43  0.66  0.42 -0.62
   3 C        59.18   42.56   48.46 -0.84  0.48 -0.24  0.20  0.69  0.69  0.50  0.54 -0.68
   4 U        58.97   44.25   45.96 -0.77  0.62  0.14  0.39  0.30  0.87  0.50  0.73 -0.48
   5 U        60.66   45.54   42.79 -0.38  0.56  0.73  0.82 -0.16  0.55  0.42  0.81 -0.40
   6 A        60.58   48.82   41.15  0.03  0.21  0.98  0.91 -0.42  0.06  0.42  0.89 -0.20
   7 A        60.75   52.21   39.92  0.50 -0.07  0.86  0.72 -0.51 -0.46  0.48  0.85 -0.21
   8 A        72.65   45.06    5.41 -0.46 -0.81  0.36  0.87 -0.33  0.36 -0.17  0.48  0.86
   9 C        70.50   46.83    7.50  0.02 -0.93  0.36  0.99  0.07  0.11 -0.13  0.36  0.93
  10 C        68.79   47.96   10.46  0.69 -0.70  0.20  0.73  0.67 -0.15 -0.03  0.24  0.97
  11 C        65.81   45.34   18.38  0.62  0.72 -0.32 -0.67  0.70  0.26  0.41  0.05  0.91
  12 G        67.43   44.05   20.92  0.03  0.94 -0.34 -0.95  0.14  0.29  0.32  0.32  0.89
  13 A        69.60   44.81   23.67 -0.52  0.84 -0.16 -0.79 -0.41  0.45  0.31  0.36  0.88
  14 G        70.70   48.04   25.56 -0.81  0.58  0.03 -0.53 -0.76  0.39  0.25  0.30  0.92
  15 U        72.45   47.58   28.41 -0.21 -0.87  0.45  0.84 -0.39 -0.37  0.50  0.30  0.81
  16 C        74.08   55.03   29.00  0.44  0.79 -0.42 -0.87  0.50  0.02  0.23  0.35  0.91
  17 C        83.98   67.81   34.44  0.26 -0.48  0.83  0.41 -0.73 -0.55  0.87  0.49  0.01
  18 A        71.45   27.98   -0.55  0.86  0.20 -0.47  0.41 -0.82  0.40 -0.30 -0.54 -0.79
  19 A        61.72   59.85   41.73  0.77 -0.64 -0.00 -0.10 -0.11 -0.99  0.64  0.76 -0.15
  20 C        64.56   62.26   42.36  0.46 -0.76 -0.45 -0.40  0.27 -0.88  0.79  0.59 -0.19
  21 A        67.31   63.68   42.34  0.12 -0.60 -0.79 -0.67  0.54 -0.51  0.74  0.59 -0.33
  22 C        71.13   64.44   41.05 -0.33 -0.25 -0.91 -0.55  0.83 -0.02  0.76  0.50 -0.41
****************************************************************************
Local strand I base step parameters
    step       Shift     Slide      Rise      Tilt      Roll     Twist
   1  G/C       0.31     -1.96      3.41     -1.24      5.22     34.66
   2  C/G       0.27     -1.35      3.09      5.30      6.72     32.17
   3  G/G      -0.50     -1.97      3.02      4.78      8.75     21.41
   4  G/A       1.74     -1.29      3.11      2.58      5.91     47.47
   5  A/U       0.86     -1.64      3.02      6.28      6.77     31.42
   6  U/U      -0.16     -1.54      3.37      1.22     20.02     28.24
   7  U/U     -30.22     16.67    -14.66     35.27     66.89    -44.03
   8  U/G       0.39     -2.04      3.27      0.64      5.01     28.13
   9  G/G       0.17     -1.67      3.29      2.85     -1.08     34.95
  10  G/G       2.59     -0.78      6.65      2.50      9.85     87.30
  11  G/C      -7.64     -0.69      1.70     21.49    -17.29     53.47
  12  C/U      -0.19     -1.44      3.20      1.42     10.39     27.40
  13  U/C       2.01     -2.04      2.79     11.32      3.90     31.26
  14  C/A      -2.74     -3.51      3.41     -3.60     -2.13      4.88
  15  A/G       4.81     -0.91      3.24      5.02     -0.55     65.42
  16  G/G      -2.67     -5.92     18.56    -47.12    -87.07     37.99
  17  G/U     -40.06     14.52     29.23      8.50    -71.11    -85.36
  18  U/U      17.40    -38.56    -30.29     52.57     79.40     98.62
  19  U/G       0.57     -1.50      3.31      2.22      3.79     33.90
  20  G/U       0.39     -1.20      3.16      3.36      5.48     30.63
  21  U/G       1.05     -2.18      3.27      0.45      3.57     31.37
          ~~~~~~~~~~~~~~~~~~~~~~~~~~~~~~~~~~~~~~~~~~~~~~~~~~~~~~~~~~~~
      ave.     -2.46     -1.95      2.82      5.51      2.97     30.06
      s.d.     11.85      9.96     10.87     17.92     34.98     38.57
****************************************************************************
Local strand I base helical parameters
    step       X-disp    Y-disp   h-Rise     Incl.       Tip   h-Twist
   1  G/C      -4.03     -0.70      3.08      8.69      2.07     35.06
   2  C/G      -3.38      0.34      2.77     11.87     -9.35     33.26
   3  G/G      -7.14      2.48      1.92     22.08    -12.07     23.59
   4  G/A      -2.03     -1.96      3.02      7.30     -3.18     47.88
   5  A/U      -3.97     -0.55      2.74     12.17    -11.30     32.71
   6  U/U      -5.36      0.44      1.89     35.87     -2.19     34.52
   7  U/U      -4.11    -26.49     -8.62    -56.80     29.95    -85.82
   8  U/G      -5.21     -0.65      2.87     10.20     -1.30     28.57
   9  G/G      -2.61      0.16      3.34     -1.79     -4.73     35.08
  10  G/G      -1.00     -1.76      6.61      7.11     -1.81     87.77
  11  G/C      -0.57      7.83     -0.82    -17.94    -22.29     59.69
  12  C/U      -4.86      0.64      2.48     20.98     -2.86     29.30
  13  U/C      -4.14     -1.76      3.05      6.92    -20.10     33.42
  14  C/A     -16.68     -0.22      5.29    -20.72     34.95      6.43
  15  A/G      -0.82     -4.23      3.57     -0.51     -4.64     65.59
  16  G/G       7.79     -4.55     13.56    -65.49     35.44    104.23
  17  G/U       2.49    -23.57     34.95     46.45      5.55   -106.81
  18  U/U     -12.30    -15.76    -37.66     46.12    -30.53    127.85
  19  U/G      -3.15     -0.61      3.16      6.46     -3.79     34.17
  20  G/U      -3.21     -0.12      2.93     10.23     -6.28     31.28
  21  U/G      -4.64     -1.86      3.03      6.57     -0.83     31.57
          ~~~~~~~~~~~~~~~~~~~~~~~~~~~~~~~~~~~~~~~~~~~~~~~~~~~~~~~~~~~~
      ave.     -3.76     -3.47      2.53      4.56     -1.40     32.83
      s.d.      4.81      8.29     12.15     27.52     16.87     51.76
****************************************************************************
Local strand II base step parameters
    step       Shift     Slide      Rise      Tilt      Roll     Twist
   1  C/G      -1.04     -1.62      3.07     -5.49     10.06     35.15
   2  G/C      -0.18     -1.00      3.17     -3.37     11.59     28.44
   3  C/U       1.32     -1.23      2.43    -14.85      5.46     22.80
   4  U/U      -1.69     -1.27      3.18     -0.85      7.59     41.54
   5  U/A      -0.11     -1.67      3.26     -2.16     12.26     32.65
   6  A/A      -0.86     -1.24      3.27     -3.60      0.35     32.28
   7  A/A     -28.75     14.38    -18.73     37.19     72.28    -47.74
   8  A/C      -0.30     -1.85      2.94     -4.39      7.23     27.67
   9  C/C      -0.73     -1.28      3.29     -2.43      8.55     41.51
  10  C/C      -4.45     -3.76      6.67     10.76     26.08     96.08
  11  C/G      -1.39     -1.30      2.67    -10.99     11.66     34.82
  12  G/A      -0.57     -1.05      3.39      0.15      2.50     34.46
  13  A/G       1.52     -1.86      3.07     -5.35     -0.41     24.80
  14  G/U      -0.11      1.50      3.02     -3.53    -14.91    108.21
  15  U/C      -2.03      6.45      3.57      4.75    -16.00    166.55
  16  C/C      -2.05      5.43     16.05    -52.03     43.43   -168.07
  17  C/A     -35.15     34.70     22.98    -59.36   -106.88    -53.53
  18  A/A      -3.99    -40.52    -35.20    106.06     54.05     69.15
  19  A/C      -0.11     -1.26      3.57      1.03     13.30     29.09
  20  C/A      -0.11     -0.94      2.94     -7.83      4.56     29.54
  21  A/C       0.35     -1.58      3.76      3.55      6.17     33.56
          ~~~~~~~~~~~~~~~~~~~~~~~~~~~~~~~~~~~~~~~~~~~~~~~~~~~~~~~~~~~~
      ave.     -3.83     -0.05      2.02     -0.61      7.57     29.47
      s.d.      9.51     12.58     11.17     31.25     33.46     64.56
****************************************************************************
Local strand II base helical parameters
    step       X-disp    Y-disp   h-Rise     Incl.       Tip   h-Twist
   1  C/G      -3.77      0.97      2.65     16.14      8.80     36.92
   2  G/C      -3.95     -0.27      2.58     22.36      6.51     30.84
   3  C/U      -3.35     -4.87      1.07     12.11     32.96     27.69
   4  U/U      -2.51      2.27      2.94     10.59      1.19     42.20
   5  U/A      -4.49     -0.11      2.49     20.89      3.67     34.88
   6  A/A      -2.28      0.90      3.33      0.63      6.46     32.47
   7  A/A      -0.52    -24.83    -10.22    -57.58     29.63    -92.13
   8  A/C      -5.04     -0.21      2.41     14.70      8.93     28.91
   9  C/C      -2.61      0.76      3.02     11.90      3.39     42.41
  10  C/C      -3.26      3.25      5.41     17.26     -7.12     99.15
  11  C/G      -3.19      0.99      2.44     18.33     17.28     38.23
  12  G/A      -2.16      0.98      3.30      4.21     -0.26     34.55
  13  A/G      -4.14     -4.84      2.72     -0.93     12.28     25.37
  14  G/U       1.09      0.03      2.87     -9.17      2.17    108.95
  15  U/C       3.28      1.03      3.45     -8.05     -2.39    166.69
  16  C/C      -3.02     -1.39     15.72    -21.81    -26.12   -170.10
  17  C/A      -6.36    -26.62     22.97     66.49    -36.93   -128.92
  18  A/A     -13.37    -15.32    -39.13     32.48    -63.73    130.63
  19  A/C      -4.72      0.38      2.74     24.90     -1.92     31.95
  20  C/A      -2.56     -1.14      2.71      8.70     14.92     30.87
  21  A/C      -3.77      0.02      3.44     10.55     -6.06     34.28
          ~~~~~~~~~~~~~~~~~~~~~~~~~~~~~~~~~~~~~~~~~~~~~~~~~~~~~~~~~~~~
      ave.     -3.37     -3.24      1.85      9.27      0.17     27.90
      s.d.      3.11      8.40     11.17     23.33     21.35     77.61
****************************************************************************
xyz coordinates of C1' atoms

    bp        xI       yI       zI       xII      yII      zII
   1 G-C    51.502   47.007   54.836   57.184   38.082   54.963
   2 C-G    57.022   45.836   55.356   59.915   36.661   50.374
   3 G-C    62.018   44.572   53.194   60.163   37.591   45.267
   4 G-U    65.192   43.241   49.051   58.796   41.050   41.019
   5 A-U    65.646   42.719   43.615   57.286   45.028   38.018
   6 U-A    64.413   45.113   39.057   55.669   50.417   38.391
   7 U-A    63.015   49.475   35.442   55.595   55.117   40.311
   8 U-A    78.651   45.424    5.527   69.196   48.789    2.509
   9 G-C    75.657   49.688    6.671   65.046   48.767    5.987
  10 G-C    71.295   52.730    8.219   63.159   46.064   10.787
  11 G-C    65.456   53.277   15.954   67.844   39.818   17.685
  12 C-G    62.189   42.294   22.230   72.412   40.925   20.073
  13 U-A    66.013   40.478   25.565   75.210   45.010   21.771
  14 C-G    69.909   42.919   28.054   75.605   50.671   23.444
  15 A-U    75.325   45.147   28.805   68.407   51.830   29.255
  16 G+C    76.941   49.779   30.686   68.291   55.799   30.245
  17 G-C    81.965   63.912   30.283   81.174   72.955   35.333
  18 U-A    72.289   33.769   -5.226   67.143   31.833   -1.328
  19 U-A    58.966   60.259   36.646   60.283   61.983   47.026
  20 G-C    60.143   64.799   39.378   65.541   62.713   48.233
  21 U-A    63.119   67.888   42.237   70.711   62.312   46.995
  22 G-C    68.019   68.537   43.991   74.974   60.515   43.421
****************************************************************************
xyz coordinates of RN9/YN1 atoms

    bp        xI       yI       zI       xII      yII      zII
   1 G-C    51.628   45.992   53.798   56.343   38.502   53.829
   2 C-G    56.570   45.364   54.029   58.897   37.620   49.946
   3 G-C    60.934   44.675   52.202   59.360   38.780   45.597
   4 G-U    63.923   43.716   48.500   58.186   42.082   41.876
   5 A-U    64.779   43.843   44.021   57.451   45.543   39.385
   6 U-A    64.065   46.111   40.079   56.441   50.432   39.643
   7 U-A    63.056   49.858   36.864   56.838   54.618   40.902
   8 U-A    77.358   44.851    5.928   69.335   47.576    3.315
   9 G-C    74.906   48.601    7.302   65.958   47.725    6.532
  10 G-C    71.350   51.546    9.071   64.612   45.818   10.877
  11 G-C    66.920   53.202   15.909   68.040   41.263   17.589
  12 C-G    63.145   43.397   21.999   71.687   42.195   20.013
  13 U-A    66.260   41.889   25.203   73.858   45.578   21.885
  14 C-G    69.390   44.256   27.668   74.157   50.722   23.757
  15 A-U    74.639   46.437   28.568   68.914   50.469   29.501
  16 G+C    75.505   49.813   30.961   69.554   56.279   29.660
  17 G-C    82.922   64.301   31.303   81.800   71.739   35.857
  18 U-A    71.847   35.177   -5.291   68.488   31.414   -1.719
  19 U-A    60.113   59.812   37.453   61.176   61.174   46.178
  20 G-C    61.303   63.902   39.460   65.788   62.041   46.918
  21 U-A    63.946   66.845   41.579   70.182   62.021   45.654
  22 G-C    68.320   67.761   42.786   74.069   60.960   42.325
****************************************************************************
xyz coordinates of RC8/YC6 atoms

    bp        xI       yI       zI       xII      yII      zII
   1 G-C    51.064   46.007   52.547   56.077   37.647   52.792
   2 C-G    55.663   46.080   53.296   58.004   37.488   48.897
   3 G-C    60.024   45.702   52.050   58.187   39.026   44.934
   4 G-U    63.204   44.843   48.842   56.991   42.702   41.549
   5 A-U    64.938   44.803   45.016   56.502   46.326   40.013
   6 U-A    64.926   46.497   41.084   56.129   50.866   40.893
   7 U-A    64.106   49.490   37.691   57.216   54.722   42.216
   8 U-A    77.302   43.767    6.753   68.378   46.647    3.653
   9 G-C    75.381   47.535    8.030   65.473   46.516    6.936
  10 G-C    72.451   50.993    9.658   65.095   44.589   11.192
  11 G-C    67.772   54.149   15.386   69.185   41.802   17.062
  12 C-G    62.732   44.698   22.035   72.126   43.377   19.471
  13 U-A    65.241   42.831   25.193   73.461   46.822   21.439
  14 C-G    68.085   44.602   27.937   73.306   51.785   23.618
  15 A-U    73.332   46.800   28.850   68.214   49.592   30.265
  16 G+C    74.775   48.836   31.612   69.665   57.518   29.131
  17 G-C    83.808   63.510   32.002   81.894   71.503   37.204
  18 U-A    72.718   36.181   -5.660   69.437   32.000   -2.530
  19 U-A    61.140   59.068   36.927   62.220   60.374   46.567
  20 G-C    61.915   63.238   38.424   66.603   60.941   46.809
  21 U-A    63.831   66.587   40.266   70.560   61.004   44.827
  22 G-C    67.793   67.893   41.556   73.938   60.221   41.188
****************************************************************************
xyz coordinates of P atoms w.r.t. the middle frame of each dimer

    step       xI      yI      zI     xII     yII     zII
   1 GC/GC   -1.58    8.32    2.19   -1.06    8.16    2.87
   2 CG/CG   -1.33    8.61    2.03   -0.98    8.47    2.72
   3 GG/UC   -1.95    8.15    3.13   -0.49    8.28    2.16
   4 GA/UU   -2.54    7.65    3.37   -1.14    8.54    1.92
   5 AU/AU   -2.12    8.25    2.34   -2.28    8.16    2.30
   6 UU/AA   -2.38    8.50    1.61   -1.84    8.20    2.80
   7 UU/AA   -9.83   15.51   -7.32   18.63   15.36  -12.03
   8 UG/CA   -1.84    8.26    2.61   -1.22    8.29    2.91
   9 GG/CC   -1.78    8.25    2.38   -1.51    8.19    2.90
  10 GG/CC   -2.68    9.41    2.64   -4.83    5.91    6.26
  11 GC/GC   -4.58    8.03    2.20   -2.17    7.63    4.04
  12 CU/AG   -1.70    8.94    1.63   -1.20    8.12    3.20
  13 UC/GA   -2.03    9.28    1.88   -1.02    7.89    3.01
  14 CA/UG    1.42    7.88    3.07   -4.06    8.89    1.71
  15 AG/CU   -3.06    7.26    3.05    8.98   -3.98    2.07
  16 GG/CC   -1.29    2.36    2.30    3.67    5.45   12.08
  17 GU/AC  -14.07   11.35   19.80   20.34   18.22   19.88
  18 UU/AA    1.13  -16.48   -8.13   -6.89  -17.15  -17.73
  19 UG/CA   -1.56    8.40    2.12   -1.12    8.47    2.55
  20 GU/AC   -1.56    8.57    2.10   -1.40    8.62    2.22
  21 UG/CA   -1.57    8.21    2.37   -1.76    8.14    2.96
****************************************************************************
xyz coordinates of P atoms w.r.t. the middle helix frame of each dimer

    step      xIH     yIH     zIH     xIIH    yIIH    zIIH
   1 GC/GC   -5.02    7.83    3.99   -5.13    7.26    4.37
   2 CG/CG   -4.94    7.77    4.31   -4.39    7.31    5.00
   3 GG/UC   -6.35    4.80    5.68   -6.51    9.36    4.30
   4 GA/UU   -4.68    7.13    4.38   -3.16    8.14    3.15
   5 AU/AU   -6.39    6.96    4.41   -6.10    7.49    4.63
   6 UU/AA   -6.39    8.19    4.31   -6.16    6.26    5.15
   7 UU/AA  -16.14  -11.83  -11.73   22.66   22.85  -10.86
   8 UG/CA   -6.59    7.09    4.40   -6.43    7.92    4.50
   9 GG/CC   -4.33    8.42    3.13   -4.04    7.46    3.65
  10 GG/CC   -4.50    9.42    3.92   -6.18    4.35    7.30
  11 GC/GC   -5.55   13.66    1.12   -2.66    2.45    3.57
  12 CU/AG   -5.11    9.24    3.34   -4.45    6.50    4.79
  13 UC/GA   -6.47    6.29    2.15   -4.90   10.59    3.52
  14 CA/UG    1.50   10.34    2.07   -4.01    6.89    0.57
  15 AG/CU   -0.73    9.79    2.25   11.17   -5.90    2.78
  16 GG/CC   -1.16    3.40    1.12    4.72    9.26    8.76
  17 GU/AC  -18.25  -20.99   18.90   24.50   13.82   22.98
  18 UU/AA    1.63  -17.73  -12.86  -22.77   -1.25  -17.28
  19 UG/CA   -5.49    7.45    4.11   -4.72    7.67    4.67
  20 GU/AC   -4.16    7.49    3.57   -4.41    8.77    3.49
  21 UG/CA   -5.78    6.91    3.43   -5.58    8.50    4.20
****************************************************************************
xyz coordinates of P atoms

    bp        xI       yI       zI       xII      yII      zII
   1 G-C    50.626   49.730   50.573   57.094   33.402   52.426
   2 C-G    54.635   50.420   53.741   57.514   33.856   46.509
   3 G-C    60.184   49.419   54.574   56.232   37.065   41.726
   4 G-U    65.295   47.868   51.793   54.151   41.542   38.559
   5 A-U    68.530   45.722   46.789   52.371   46.894   38.917
   6 U-A    69.150   45.179   41.392   51.950   52.180   41.620
   7 U-A    67.463   47.074   35.969   54.074   55.782   45.410
   8 U-A    80.313   42.447    9.767   64.134   46.810    1.715
   9 G-C    79.705   47.861    9.545   61.715   44.551    6.429
  10 G-C    76.348   53.024    9.953   62.860   40.709   10.569
  11 G-C    66.470   57.914   13.620   72.660   39.699   15.392
  12 C-G    59.474   46.418   23.818   75.691   43.814   17.170
  13 U-A    60.976   41.853   26.874   75.571   49.404   18.784
  14 C-G    65.498   40.095   30.251   76.122   55.607   20.624
  15 A-U    71.499   42.582   32.585   63.884   49.282   30.858
  16 G+C    76.463   45.227   33.560   65.235   59.648   28.260
  17 G-C    81.705   59.935   32.855   79.893   73.323   40.427
  18 U-A    76.971   35.962   -6.783   66.113   36.647   -4.115
  19 U-A    62.421   58.828   32.744   63.129   59.542   50.943
  20 G-C    60.854   63.992   34.167   68.913   58.881   49.918
  21 U-A    61.706   68.803   37.121   72.777   57.319   46.334
  22 G-C    65.414   71.746   40.572   74.243   55.584   41.447
*******************************************************************************************
Phosphorus-phosphorus distance in Angstroms

            1      2      3      4      5      6      7      8      9     10     11     12
            C      G      C      U      U      A      A      A      C      C      C      G   
   1 G    17.7   17.8   16.4   15.0   12.1    9.4    8.7   50.8   45.8   42.8   42.7   42.2
   2 C    17.2   18.3   18.0   17.6   15.4   12.5    9.9   53.0   48.2   45.0   43.7   42.7
   3 G    16.5   17.7   18.3   18.8   17.7   15.6   12.7   53.1   48.4   44.9   42.3   40.9
   4 G    16.6   16.9   17.3   18.4   18.3   17.3   15.1   50.1   45.6   41.9   38.0   36.4
   5 A    17.7   16.2   15.9   17.1   18.0   18.5   17.7   45.3   40.9   37.0   32.2   30.5
   6 U    20.1   17.0   15.3   15.7   17.0   18.6   18.9   40.0   35.8   31.8   26.8   25.1
   7 U    23.8   19.6   16.1   14.6   15.4   17.3   18.6   34.4   30.2   26.6   22.5   20.8
   8 U    49.4   44.1   40.4   38.9   40.6   43.7   46.2   18.6   19.0   17.6    9.9    8.8
   9 G    50.6   45.3   41.3   39.2   40.1   42.6   44.8   17.5   18.6   18.3   12.3    9.5
  10 G    50.6   45.4   40.9   38.0   38.1   40.0   42.0   16.0   17.3   18.3   14.9   11.7
  11 G    46.8   41.7   36.5   32.3   31.0   32.1   34.2   16.4   15.9   17.8   19.3   17.2
  12 C    31.5   26.0   20.5   16.4   16.7   20.2   24.1   22.6   17.6   14.8   17.0   17.7
  13 U    27.2   21.5   16.3   13.5   15.6   20.1   24.2   25.8   20.6   16.5   16.5   17.7
  14 C    24.6   19.2   15.1   14.1   17.1   21.4   24.6   29.3   24.5   19.9   16.5   17.0
  15 A    26.2   21.6   18.6   18.4   20.6   23.6   25.3   32.0   28.0   23.7   17.5   16.0
  16 G    29.5   25.6   23.3   23.2   24.7   26.7   27.4   34.2   30.9   27.1   19.4   16.5
  17 G    41.1   38.1   35.4   33.6   32.7   32.0   30.6   38.1   36.5   34.9   28.2   23.3
  18 U    62.5   56.8   52.8   51.1   53.0   56.9   60.3   18.8   21.9   22.9   22.9   25.2
  19 U    32.6   28.9   24.3   20.0   16.8   15.3   15.5   33.3   29.9   28.6   27.8   25.4
  20 G    35.8   32.7   28.3   23.8   19.7   16.6   15.5   36.9   33.9   33.2   32.9   30.3
  21 U    38.8   36.4   32.5   28.3   23.9   19.8   17.2   41.8   39.1   38.7   37.9   34.9
  22 G    41.0   39.2   35.9   32.3   28.1   23.8   20.2   46.2   43.8   43.2   41.4   37.9

           13     14     15     16     17     18     19     20     21     22
            A      G      U      C      C      A      A      C      A      C   
   1 G    40.4   39.8   23.8   28.5   38.9   58.3   15.9   20.5   23.8   26.0
   2 C    40.8   39.8   24.7   29.1   36.6   60.6   12.8   17.0   20.8   23.7
   3 G    39.0   38.0   24.0   28.7   34.1   60.4   11.2   13.7   17.0   20.2
   4 G    34.6   33.9   21.0   26.3   31.5   57.0   11.9   11.7   13.2   15.7
   5 A    29.1   29.0   17.0   23.4   30.5   51.8   15.4   13.5   12.4   12.6
   6 U    23.9   24.3   12.5   19.9   30.1   46.4   18.3   16.1   13.6   11.6
   7 U    19.1   19.6    6.6   14.9   29.4   41.4   20.0   18.3   15.5   12.2
   8 U    12.3   17.6   27.6   29.4   43.5   20.7   47.8   44.9   40.2   34.8
   9 G    10.2   14.0   26.6   26.4   40.0   22.3   46.1   43.2   38.6   33.3
  10 G     9.6   11.0   24.6   22.4   36.8   23.9   43.6   41.1   36.8   31.7
  11 G    13.5   12.1   19.5   14.8   33.7   27.7   37.5   36.4   33.3   29.0
  12 C    17.1   19.3    8.8   15.1   37.6   30.3   30.4   30.4   28.3   24.8
  13 U    18.3   21.4    8.9   18.3   39.1   31.8   29.9   29.7   27.5   24.0
  14 C    17.9   21.1    9.3   19.7   37.6   34.5   28.5   27.4   24.7   21.0
  15 A    15.9   18.3   10.3   18.7   32.8   37.6   26.4   23.9   20.2   16.0
  16 G    15.4   16.6   13.5   19.0   29.1   40.0   26.2   22.6   18.0   13.2
  17 G    18.6   14.1   20.9   17.1   15.5   46.4   25.9   21.4   16.4   12.2
  18 U    28.9   33.7   42.0   43.9   60.3   11.2   63.9   61.7   57.4   52.1
  19 U    21.4   18.6    9.8    5.4   24.0   43.2   18.2   18.4   17.2   15.0
  20 G    25.8   22.1   15.4    8.5   22.1   47.3   17.5   18.4   18.3   17.4
  21 U    30.1   25.6   20.6   13.2   19.0   52.5   16.7   17.7   18.4   18.7
  22 G    32.8   27.8   24.5   17.3   14.6   56.8   16.2   16.3   17.2   18.4
****************************************************************************
Strand I helix radius

    step          P        O4'       C1'
   1  G/C        8.7       8.6       8.0
   2  C/G        9.6       9.0       8.2
   3  G/G       13.0      13.0      12.4
   4  G/A        6.6       6.3       5.7
   5  A/U        9.2       8.7       8.1
   6  U/U        9.6       9.9       9.3
   7  U/U       21.0      24.1      24.1
   8  U/G        9.5       9.5       9.0
   9  G/G        9.4       8.3       7.5
  10  G/G        7.2       5.8       5.0
  11  G/C       16.6      14.0      13.1
  12  C/U       10.4      10.0       9.3
  13  U/C       10.1       7.9       7.5
  14  C/A       20.0      20.2      20.0
  15  A/G        4.9       3.8       3.5
  16  G/G        5.9       4.2       4.3
  17  G/U       17.7      18.7      19.9
  18  U/U       17.3      18.4      19.3
  19  U/G        8.7       8.1       7.4
  20  G/U        9.1       8.5       7.7
  21  U/G        8.2       8.3       7.9
****************************************************************************
Strand II helix radius

    step          P        O4'       C1'
   1  C/G        8.3       8.2       7.6
   2  G/C        9.0       9.1       8.4
   3  C/U       13.9      12.7      11.8
   4  U/U        6.7       6.4       5.8
   5  U/A        9.1       9.4       8.7
   6  A/A        8.4       7.3       6.5
   7  A/A       31.2      27.8      27.3
   8  A/C       10.0       9.9       9.4
   9  C/C        8.0       7.6       6.9
  10  C/C        5.4       6.2       5.9
  11  C/G        8.1       7.8       7.2
  12  G/A        7.9       7.1       6.4
  13  A/G       14.0      13.0      12.1
  14  G/U       10.5       6.6       5.5
  15  U/C        9.2       6.6       5.4
  16  C/C        7.7       7.7       7.3
  17  C/A       30.1      29.7      28.8
  18  A/A       26.4      24.2      23.1
  19  A/C        8.4       9.0       8.5
  20  C/A       10.4       9.1       8.3
  21  A/C        9.1       8.8       8.1
****************************************************************************************
Base-pair helix axis

               Ox      Oy      Oz     Xx    Xy    Xz   Yx    Yy    Yz    Zx    Zy    Zz
   1 GC/GC   52.86   40.97   48.90 -0.26 -0.23 -0.94 -0.66  0.75 -0.00  0.70  0.62 -0.35
             54.89   42.75   47.90 -0.60  0.25 -0.76 -0.38  0.74  0.55  0.70  0.62 -0.35
   2 CG/CG   54.69   42.49   48.36 -0.69  0.18 -0.70 -0.42  0.69  0.59  0.59  0.70 -0.40
             56.28   44.38   47.29 -0.81  0.52 -0.29  0.00  0.49  0.87  0.59  0.70 -0.40
   3 GG/UC   55.68   47.14   48.00 -0.64  0.65 -0.40 -0.03  0.50  0.86  0.77  0.56 -0.30
             57.15   48.22   47.42 -0.60  0.80 -0.02  0.24  0.19  0.95  0.77  0.56 -0.30
   4 GA/UU   58.24   44.90   45.69 -0.75  0.66  0.09  0.35  0.27  0.90  0.57  0.70 -0.43
             60.00   47.08   44.34 -0.28  0.66  0.70  0.77 -0.27  0.57  0.57  0.70 -0.43
   5 AU/AU   59.58   48.12   46.05 -0.31  0.62  0.72  0.69 -0.37  0.62  0.66  0.69 -0.31
             61.30   49.92   45.23  0.13  0.31  0.94  0.74 -0.66  0.12  0.66  0.69 -0.31
   6 UU/AA   60.83   51.00   44.97  0.19  0.40  0.90  0.72 -0.67  0.15  0.66  0.62 -0.41
             62.67   52.72   43.82  0.54 -0.02  0.84  0.52 -0.78 -0.35  0.66  0.62 -0.41
   7 UU/AA   78.70   63.23   25.13  0.49  0.43  0.76  0.66  0.39 -0.64 -0.57  0.81 -0.09
             84.10   55.55   26.00 -0.65 -0.38  0.66  0.50  0.44  0.75 -0.57  0.81 -0.09
   8 UG/CA   70.78   41.20    7.93 -0.45 -0.74  0.50  0.89 -0.44  0.15  0.11  0.51  0.85
             71.07   42.55   10.19  0.03 -0.86  0.51  0.99 -0.03 -0.11  0.11  0.51  0.85
   9 GG/CC   70.11   44.56    8.83  0.03 -0.89  0.45  1.00  0.03 -0.01 -0.01  0.45  0.90
             70.08   45.97   11.67  0.65 -0.68  0.35  0.76  0.58 -0.28 -0.01  0.45  0.90
  10 GG/CC   69.68   45.93   11.62  0.65 -0.71  0.29  0.75  0.53 -0.39  0.12  0.47  0.87
             70.45   48.83   17.00  0.71  0.58 -0.41 -0.70  0.67 -0.26  0.12  0.47  0.87
  11 GC/GC   72.58   43.83   17.28  0.69  0.58 -0.44 -0.63  0.77  0.02  0.35  0.26  0.90
             73.16   44.26   18.76  0.03  0.96 -0.29 -0.94  0.13  0.33  0.35  0.26  0.90
  12 CU/AG   68.58   47.50   20.15  0.05  0.97 -0.23 -1.00  0.07  0.04  0.06  0.22  0.97
             68.76   48.16   23.04 -0.47  0.86 -0.17 -0.88 -0.45  0.16  0.06  0.22  0.97
  13 UC/GA   64.98   47.18   23.60 -0.49  0.84 -0.25 -0.86 -0.42  0.30  0.15  0.36  0.92
             65.44   48.26   26.36 -0.84  0.54 -0.07 -0.52 -0.76  0.38  0.15  0.36  0.92
  14 CA/UG   71.84   49.80   24.17 -0.81  0.58  0.03 -0.47 -0.69  0.56  0.35  0.44  0.83
             72.98   51.24   26.91 -0.83 -0.26  0.49  0.43 -0.86  0.27  0.35  0.44  0.83
  15 AG/CU   75.04   52.04   25.54 -0.82 -0.25  0.51  0.43 -0.86  0.27  0.37  0.44  0.82
             76.37   53.65   28.50 -0.74  0.67 -0.03 -0.56 -0.60  0.57  0.37  0.44  0.82
  16 GG/CC   73.69   53.65   29.17 -0.81  0.56 -0.15 -0.28 -0.15  0.95  0.51  0.82  0.28
             82.92   68.49   34.25  0.35 -0.49  0.80  0.79 -0.31 -0.53  0.51  0.82  0.28
  17 GU/AC   64.66   49.42   32.57  0.24 -0.36  0.90 -0.72 -0.69 -0.08  0.65 -0.63 -0.43
             83.27   31.25   20.28  0.58  0.77 -0.27  0.50 -0.07  0.86  0.65 -0.63 -0.43
  18 UU/AA   82.98   36.72   11.39  0.41  0.87  0.27  0.53 -0.47  0.70  0.74 -0.14 -0.66
             54.07   42.30   37.11  0.18 -0.90  0.39 -0.65 -0.41 -0.64  0.74 -0.14 -0.66
  19 UG/CA   64.64   57.30   41.78  0.77 -0.64  0.02 -0.25 -0.34 -0.91  0.59  0.69 -0.42
             66.40   59.38   40.53  0.51 -0.72 -0.47 -0.63  0.06 -0.78  0.59  0.69 -0.42
  20 GU/AC   65.84   60.45   40.50  0.59 -0.63 -0.50 -0.56  0.12 -0.82  0.58  0.77 -0.28
             67.47   62.63   39.71  0.22 -0.48 -0.85 -0.79  0.43 -0.44  0.58  0.77 -0.28
  21 UG/CA   67.17   61.75   38.65  0.13 -0.57 -0.81 -0.78  0.45 -0.44  0.61  0.69 -0.39
             69.19   64.00   37.39 -0.31 -0.24 -0.92 -0.72  0.69  0.07  0.61  0.69 -0.39
****************************************************************************************
Strand I helix axis

               Ox      Oy      Oz     Xx    Xy    Xz   Yx    Yy    Yz    Zx    Zy    Zz
   1  G/C    52.36   41.47   49.10 -0.23 -0.23 -0.95 -0.66  0.75 -0.02  0.72  0.62 -0.33
             54.57   43.37   48.10 -0.57  0.24 -0.79 -0.41  0.75  0.53  0.72  0.62 -0.33
   2  C/G    54.91   42.05   48.35 -0.70  0.13 -0.70 -0.43  0.71  0.56  0.57  0.69 -0.44
             56.48   43.97   47.12 -0.82  0.49 -0.28  0.02  0.52  0.85  0.57  0.69 -0.44
   3  G/G    53.41   44.73   44.15 -0.85  0.45 -0.27 -0.08  0.39  0.92  0.52  0.80 -0.30
             54.41   46.27   43.57 -0.81  0.57  0.12  0.27  0.18  0.95  0.52  0.80 -0.30
   4  G/A    60.18   44.74   46.82 -0.73  0.68  0.05  0.40  0.37  0.84  0.55  0.63 -0.54
             61.85   46.64   45.17 -0.19  0.73  0.66  0.81 -0.26  0.52  0.55  0.63 -0.54
   5  A/U    60.02   48.01   46.00 -0.26  0.64  0.73  0.76 -0.32  0.56  0.59  0.70 -0.40
             61.63   49.93   44.91  0.19  0.36  0.91  0.79 -0.61  0.08  0.59  0.70 -0.40
   6  U/U    61.62   51.77   45.59  0.26  0.48  0.84  0.50 -0.81  0.31  0.82  0.34 -0.45
             63.18   52.42   44.73  0.50 -0.06  0.86  0.27 -0.94 -0.22  0.82  0.34 -0.45
   7  U/U    80.08   63.56   25.40  0.51  0.45  0.74  0.66  0.36 -0.67 -0.56  0.82 -0.11
             84.89   56.47   26.37 -0.62 -0.32  0.72  0.55  0.47  0.69 -0.56  0.82 -0.11
   8  U/G    71.06   41.17    7.92 -0.44 -0.75  0.50  0.90 -0.42  0.16  0.09  0.51  0.85
             71.32   42.65   10.37  0.04 -0.86  0.51  1.00 -0.01 -0.10  0.09  0.51  0.85
   9  G/G    70.42   44.80    8.95  0.05 -0.89  0.46  0.99  0.10  0.08 -0.12  0.45  0.88
             70.03   46.31   11.90  0.61 -0.67  0.42  0.78  0.59 -0.20 -0.12  0.45  0.88
  10  G/G    70.56   48.39   10.65  0.61 -0.64  0.47  0.80  0.51 -0.33 -0.03  0.57  0.82
             70.39   52.17   16.08  0.82  0.48 -0.31 -0.57  0.66 -0.48 -0.03  0.57  0.82
  11  G/C    74.84   43.94   17.73  0.72  0.33 -0.61 -0.49  0.86 -0.11  0.50  0.38  0.78
             74.43   43.63   17.08 -0.06  0.91 -0.40 -0.87  0.15  0.48  0.50  0.38  0.78
  12  C/U    68.68   49.09   20.65  0.07  0.99 -0.10 -0.98  0.06 -0.17 -0.16  0.11  0.98
             68.28   49.37   23.09 -0.42  0.89 -0.17 -0.89 -0.44 -0.10 -0.16  0.11  0.98
  13  U/C    66.34   47.24   22.27 -0.44  0.78 -0.45 -0.90 -0.42  0.15 -0.07  0.47  0.88
             66.13   48.67   24.95 -0.86  0.42 -0.29 -0.51 -0.78  0.37 -0.07  0.47  0.88
  14  C/A    62.84   60.87   33.28 -0.46  0.76  0.46 -0.28 -0.61  0.74  0.84  0.21  0.49
             67.30   61.99   35.90 -0.49  0.69  0.54 -0.23 -0.69  0.68  0.84  0.21  0.49
  15  A/G    72.93   47.72   28.62 -0.87  0.49  0.02 -0.44 -0.79  0.43  0.22  0.36  0.90
             73.73   49.02   31.85 -0.76 -0.52  0.40  0.61 -0.78  0.16  0.22  0.36  0.90
  16  G/G    80.33   53.27   28.06 -0.67  0.02  0.74  0.74  0.15  0.66 -0.10  0.99 -0.11
             78.98   66.67   26.55  0.88  0.14  0.46  0.47 -0.05 -0.88 -0.10  0.99 -0.11
  17  G/U    69.64   49.01   35.90  0.70 -0.33  0.63 -0.52 -0.84  0.14  0.49 -0.43 -0.76
             86.64   33.95    9.33  0.30  0.90 -0.32  0.82 -0.07  0.57  0.49 -0.43 -0.76
  18  U/U    82.02   44.79    7.67  0.17  0.95  0.27  0.76 -0.30  0.58  0.63  0.10 -0.77
             58.20   40.90   36.58  0.49 -0.82  0.30 -0.60 -0.56 -0.57  0.63  0.10 -0.77
  19  U/G    63.99   57.81   41.43  0.80 -0.60  0.04 -0.15 -0.25 -0.96  0.59  0.76 -0.29
             65.84   60.20   40.52  0.58 -0.64 -0.51 -0.57  0.13 -0.81  0.59  0.76 -0.29
  20  G/U    66.07   59.98   40.94  0.55 -0.67 -0.49 -0.61  0.08 -0.79  0.57  0.73 -0.36
             67.75   62.14   39.88  0.16 -0.53 -0.83 -0.80  0.42 -0.42  0.57  0.73 -0.36
  21  U/G    66.93   62.51   37.79  0.22 -0.46 -0.86 -0.77  0.47 -0.44  0.61  0.75 -0.25
             68.76   64.79   37.01 -0.22 -0.15 -0.96 -0.77  0.64  0.07  0.61  0.75 -0.25
****************************************************************************************
Strand II helix axis

               Ox      Oy      Oz     Xx    Xy    Xz   Yx    Yy    Yz    Zx    Zy    Zz
   1  C/G    53.34   40.51   48.71 -0.29 -0.24 -0.93 -0.66  0.75  0.01  0.69  0.62 -0.37
             55.17   42.15   47.73 -0.63  0.26 -0.73 -0.36  0.74  0.57  0.69  0.62 -0.37
   2  G/C    54.48   43.04   48.40 -0.66  0.25 -0.71 -0.42  0.67  0.62  0.63  0.70 -0.34
             56.09   44.86   47.53 -0.78  0.55 -0.29 -0.02  0.45  0.89  0.63  0.70 -0.34
   3  C/U    57.97   47.93   50.59 -0.43  0.74 -0.52  0.05  0.60  0.80  0.90  0.32 -0.29
             58.94   48.27   50.28 -0.36  0.93 -0.09  0.24  0.19  0.95  0.90  0.32 -0.29
   4  U/U    56.39   45.46   44.14 -0.76  0.63  0.13  0.29  0.16  0.94  0.58  0.76 -0.31
             58.08   47.69   43.22 -0.37  0.58  0.73  0.73 -0.30  0.61  0.58  0.76 -0.31
   5  U/A    59.20   48.24   46.06 -0.34  0.61  0.71  0.61 -0.43  0.66  0.71  0.66 -0.23
             60.97   49.89   45.49  0.07  0.26  0.96  0.70 -0.70  0.14  0.71  0.66 -0.23
   6  A/A    59.95   49.90   43.26  0.08  0.30  0.95  0.90 -0.43  0.06  0.42  0.85 -0.31
             61.36   52.74   42.24  0.55  0.03  0.83  0.72 -0.52 -0.46  0.42  0.85 -0.31
   7  A/A    77.37   62.92   24.90  0.47  0.41  0.78  0.66  0.42 -0.62 -0.59  0.81 -0.07
             83.36   54.68   25.64 -0.68 -0.44  0.59  0.45  0.40  0.80 -0.59  0.81 -0.07
   8  A/C    70.52   41.26    7.95 -0.46 -0.73  0.50  0.88 -0.46  0.14  0.13  0.50  0.86
             70.82   42.47   10.01  0.02 -0.86  0.50  0.99 -0.04 -0.12  0.13  0.50  0.86
   9  C/C    69.79   44.46    8.65  0.02 -0.91  0.42  1.00 -0.01 -0.08  0.08  0.42  0.91
             70.04   45.73   11.39  0.69 -0.68  0.25  0.72  0.60 -0.34  0.08  0.42  0.91
  10  C/C    68.73   43.67   12.12  0.67 -0.74  0.08  0.69  0.58 -0.43  0.27  0.34  0.90
             70.19   45.53   16.99  0.58  0.69 -0.44 -0.77  0.64 -0.01  0.27  0.34  0.90
  11  C/G    68.71   47.01   18.32  0.68  0.73 -0.03 -0.73  0.68 -0.05 -0.01  0.06  1.00
             68.67   47.15   20.76  0.08  1.00 -0.05 -1.00  0.08 -0.02 -0.01  0.06  1.00
  12  G/A    68.44   45.96   19.94  0.03  0.94 -0.35 -0.97  0.12  0.22  0.25  0.33  0.91
             69.27   47.05   22.95 -0.52  0.84 -0.16 -0.81 -0.44  0.38  0.25  0.33  0.91
  13  A/G    63.96   46.55   26.05 -0.44  0.90  0.03 -0.79 -0.41  0.46  0.43  0.18  0.89
             65.12   47.03   28.46 -0.74  0.64  0.23 -0.52 -0.75  0.40  0.43  0.18  0.89
  14  G/U    71.59   47.40   25.47 -0.80  0.60  0.07 -0.48 -0.70  0.53  0.36  0.39  0.85
             72.64   48.52   27.90 -0.19 -0.86  0.48  0.91 -0.34 -0.24  0.36  0.39  0.85
  15  U/C    72.26   50.83   27.32 -0.23 -0.88  0.41  0.90 -0.35 -0.25  0.37  0.31  0.88
             73.53   51.92   30.35  0.43  0.78 -0.46 -0.83  0.54  0.15  0.37  0.31  0.88
  16  C/C    73.81   57.75   27.12  0.23  0.60 -0.77 -0.69  0.66  0.31  0.69  0.46  0.56
             84.66   64.93   35.95 -0.10 -0.71  0.70  0.72 -0.54 -0.44  0.69  0.46  0.56
  17  C/A    64.49   50.34   26.44 -0.33 -0.39  0.86 -0.65 -0.56 -0.51  0.68 -0.73 -0.07
             80.15   33.62   24.78  0.71  0.68 -0.15  0.16  0.05  0.99  0.68 -0.73 -0.07
  18  A/A    82.44   30.27   16.41  0.54  0.77  0.34  0.25 -0.53  0.81  0.81 -0.35 -0.48
             50.87   44.01   35.01 -0.16 -0.90  0.40 -0.57 -0.24 -0.78  0.81 -0.35 -0.48
  19  A/C    65.38   56.86   42.09  0.75 -0.67  0.01 -0.36 -0.42 -0.83  0.56  0.62 -0.55
             66.92   58.55   40.58  0.44 -0.79 -0.43 -0.70 -0.00 -0.71  0.56  0.62 -0.55
  20  C/A    65.63   60.95   40.12  0.64 -0.58 -0.50 -0.51  0.16 -0.85  0.57  0.80 -0.19
             67.19   63.11   39.60  0.29 -0.42 -0.86 -0.77  0.44 -0.47  0.57  0.80 -0.19
  21  A/C    67.51   61.17   39.53  0.05 -0.66 -0.75 -0.79  0.43 -0.44  0.61  0.61 -0.50
             69.61   63.28   37.80 -0.41 -0.31 -0.86 -0.68  0.73  0.06  0.61  0.61 -0.50
