  22 base-pairs
   1  ***local base-pair & helical parameters***
       Shear  Stretch  Stagger Buckle Prop-Tw Opening  X-disp  Y-disp  h-Rise  Incl.    Tip   h-Twist
G-C    -0.55   -0.28   -0.43   -6.30   -9.83   -0.70    0.00    0.00    0.00    0.00    0.00    0.00
C-G     0.13   -0.08    0.03   -7.96  -10.30   -2.67   -3.92    0.16    2.87   12.44    5.60   36.03
G-C    -0.09   -0.11    0.08   -4.80  -11.89    0.28   -3.66    0.07    2.69   16.83   -1.70   31.88
G-U    -2.56   -0.51    0.46   11.05   -9.69   -1.55   -5.46   -2.08    1.92   17.23   12.32   24.10
A-U     0.10   -0.02    0.07    3.41  -17.40    5.57   -2.23    0.04    3.11    8.90   -1.19   45.07
U-A     0.06   -0.13   -0.08   -0.63  -23.71    5.50   -4.24   -0.34    2.63   16.94   -3.91   33.80
U-A    -0.01   -0.20    0.02   -3.19   -2.38    0.30   -4.31    0.68    2.77   19.00    2.72   31.87
U-A    -0.36   -0.06   -0.01   -2.36   -9.48    2.56   -2.26  -25.69   -9.43  -57.18   29.79  -88.98
G-C    -0.15   -0.02    0.37   -2.46  -10.66    2.46   -5.13   -0.44    2.64   12.55    3.79   28.73
G-C    -0.16   -0.12    0.37   -6.67  -17.68   -4.27   -2.69    0.45    3.17    5.62   -0.25   38.63
G-C     6.95    0.82    1.43  -33.27   -1.37  -17.85   -2.44    0.76    6.16   12.70   -3.88   93.86
C-G     0.23   -0.18    0.23   -6.25  -17.05    2.13   -0.89    5.96    1.65   -5.11   -5.49   45.74
U-A    -0.14   -0.01    0.19  -10.59   -4.26   -5.88   -3.48    0.84    2.97   11.98   -1.53   31.46
C-G     0.25   -0.15    0.00    5.91    1.20    0.48   -4.35   -2.97    2.99    3.19   -6.24   28.19
A-U    -4.14   -1.91    0.77    4.62   12.12 -103.09    0.07    2.44    3.29   -8.03    0.46   57.18
G+C     0.12    3.74    0.17    4.74   -0.97  155.68    2.67    2.62    3.62   -8.09    1.88  -64.64
G-C    -0.46   -0.05   -0.07  -26.00  -24.90    0.73    0.63    0.89   18.20  -45.77   -8.73  132.58
U-A     6.01   -9.48    1.18   12.36   20.63  -53.95   -0.41  -26.69   28.77   62.95  -14.29 -112.08
U-A    -0.13   -0.17   -0.11   -1.83   -6.15   -2.40  -12.62  -15.11  -39.10   42.89  -47.93  126.99
G-C    -0.14   -0.17   -0.26   -6.20  -13.77    2.27   -3.93   -0.14    3.00   15.34   -2.91   32.73
U-A    -0.27   -0.09    0.03   -1.47  -10.84    2.55   -2.91   -0.64    2.83    9.72    4.27   30.85
G-C    -0.28   -0.15   -0.14  -10.86   -9.92    0.24   -4.21   -0.92    3.28    8.62   -3.57   32.83
