  22 base-pairs
   0  ***local base-pair & step parameters***
       Shear  Stretch  Stagger Buckle Prop-Tw Opening   Shift  Slide    Rise    Tilt    Roll   Twist
G-C    -0.55   -0.28   -0.43   -6.30   -9.83   -0.70    0.00    0.00    0.00    0.00    0.00    0.00
C-G     0.13   -0.08    0.03   -7.96  -10.30   -2.67   -0.38   -1.79    3.29   -3.43    7.63   35.08
G-C    -0.09   -0.11    0.08   -4.80  -11.89    0.28    0.05   -1.18    3.14    0.92    9.12   30.57
G-U    -2.56   -0.51    0.46   11.05   -9.69   -1.55    0.38   -1.60    2.63   -5.03    7.04   22.51
A-U     0.10   -0.02    0.07    3.41  -17.40    5.57    0.03   -1.25    3.32    0.91    6.80   44.57
U-A     0.06   -0.13   -0.08   -0.63  -23.71    5.50    0.39   -1.63    3.19    2.24    9.71   32.34
U-A    -0.01   -0.20    0.02   -3.19   -2.38    0.30   -0.51   -1.38    3.35   -1.47   10.25   30.18
U-A    -0.36   -0.06   -0.01   -2.36   -9.48    2.56  -29.55   15.56  -16.74   36.25   69.58  -45.88
G-C    -0.15   -0.02    0.37   -2.46  -10.66    2.46    0.03   -1.93    3.12   -1.86    6.18   28.01
G-C    -0.16   -0.12    0.37   -6.67  -17.68   -4.27   -0.28   -1.48    3.32    0.16    3.71   38.46
G-C     6.95    0.82    1.43  -33.27   -1.37  -17.85   -0.81   -2.58    6.68    5.65   18.48   92.31
C-G     0.23   -0.18    0.23   -6.25  -17.05    2.13   -4.47   -0.84    1.99    4.25   -3.97   45.38
U-A    -0.14   -0.01    0.19  -10.59   -4.26   -5.88   -0.37   -1.25    3.30    0.83    6.45   30.80
C-G     0.25   -0.15    0.00    5.91    1.20    0.48    1.76   -1.96    2.93    3.03    1.55   27.99
A-U    -4.14   -1.91    0.77    4.62   12.12 -103.09   -2.36   -0.34    3.26   -0.44   -7.67   56.70
G+C     0.12    3.74    0.17    4.74   -0.97  155.68    2.70   -3.27    3.33    2.01    8.63  -64.09
G-C    -0.46   -0.05   -0.07  -26.00  -24.90    0.73   -0.28   -5.96   17.31   15.63  -81.91  114.84
U-A     6.01   -9.48    1.18   12.36   20.63  -53.95  -38.72   25.17   25.62  -21.48  -94.59  -65.07
U-A    -0.13   -0.17   -0.11   -1.83   -6.15   -2.40    6.22  -41.23  -32.12   80.11   71.69   81.98
G-C    -0.14   -0.17   -0.26   -6.20  -13.77    2.27    0.24   -1.38    3.46    1.62    8.55   31.58
U-A    -0.27   -0.09    0.03   -1.47  -10.84    2.55    0.13   -1.06    3.07   -2.26    5.14   30.35
G-C    -0.28   -0.15   -0.14  -10.86   -9.92    0.24    0.72   -1.88    3.55    2.01    4.85   32.42
