****************************************************************************
CEHS base-pair parameters
     bp        Shear    Stretch   Stagger    Buckle  Propeller  Opening
    1 G-C      -0.55     -0.28     -0.43     -6.29     -9.84     -0.69
    2 C-G       0.13     -0.08      0.03     -7.95    -10.32     -2.66
    3 G-C      -0.08     -0.11      0.08     -4.79    -11.90      0.28
    4 G-U      -2.56     -0.50      0.46     11.04     -9.72     -1.54
    5 A-U       0.10     -0.02      0.07      3.40    -17.42      5.50
    6 U-A       0.06     -0.13     -0.08     -0.63    -23.74      5.39
    7 U-A      -0.01     -0.20      0.02     -3.19     -2.38      0.30
    8 U-A      -0.36     -0.06     -0.01     -2.36     -9.48      2.55
    9 G-C      -0.15     -0.02      0.37     -2.46    -10.66      2.45
   10 G-C      -0.16     -0.12      0.37     -6.64    -17.71     -4.22
   11 G-C       6.98      0.83      1.27    -33.40     -1.43    -17.34
   12 C-G       0.23     -0.18      0.23     -6.22    -17.07      2.10
   13 U-A      -0.14     -0.01      0.19    -10.60     -4.27     -5.85
   14 C-G       0.25     -0.15      0.00      5.91      1.20      0.48
   15 A-U      -4.14     -2.00      0.43      5.28     19.38   -102.23
   16 G+C       0.13      3.74      0.31      6.59     -4.61    155.55
   17 G-C      -0.45     -0.06     -0.07    -25.79    -25.34      0.70
   18 U-A       6.09     -9.49      0.47     12.74     23.17    -52.80
   19 U-A      -0.13     -0.17     -0.11     -1.83     -6.15     -2.40
   20 G-C      -0.14     -0.17     -0.26     -6.19    -13.78      2.25
   21 U-A      -0.27     -0.09      0.03     -1.47    -10.85      2.53
   22 G-C      -0.28     -0.15     -0.14    -10.85     -9.95      0.24
          ~~~~~~~~~~~~~~~~~~~~~~~~~~~~~~~~~~~~~~~~~~~~~~~~~~~~~~~~~~~~
      ave.      0.21     -0.43      0.15     -3.89     -7.86     -0.43
      s.d.      2.28      2.24      0.35     10.59     11.56     42.47
****************************************************************************
CEHS base-pair step parameters
    step       Shift     Slide      Rise      Tilt      Roll     Twist
   1 GC/GC     -0.38     -1.78      3.29     -3.35      7.63     35.02
   2 CG/CG      0.05     -1.18      3.15      0.78      9.20     30.61
   3 GG/UC      0.38     -1.60      2.63     -4.95      7.09     22.87
   4 GA/UU      0.04     -1.26      3.32      0.48      6.59     44.48
   5 AU/AU      0.39     -1.66      3.18      2.12      9.48     32.26
   6 UU/AA     -0.52     -1.39      3.34     -0.93     10.10     30.24
   7 UU/AA      ----      ----      ----      ----      ----      ----
   8 UG/CA      0.03     -1.94      3.12     -1.89      6.12     28.01
   9 GG/CC     -0.28     -1.47      3.32      0.59      3.71     38.25
  10 GG/CC     -0.74     -2.51      6.71      6.42     17.96     92.21
  11 GC/GC     -4.45     -0.87      2.03      4.51     -2.74     45.19
  12 CU/AG     -0.37     -1.25      3.30      1.09      6.28     30.93
  13 UC/GA      1.77     -1.96      2.93      2.96      1.71     28.06
  14 CA/UG     -2.28     -0.55      3.29     -7.61    -10.27     56.05
  15 AG/CU      2.80     -3.54      2.95      6.08     11.25    -63.11
  16 GG/CC      ----      ----      ----      ----      ----      ----
  17 GU/AC      ----      ----      ----      ----      ----      ----
  18 UU/AA      ----      ----      ----      ----      ----      ----
  19 UG/CA      0.24     -1.38      3.46      1.40      8.57     31.42
  20 GU/AC      0.13     -1.07      3.06     -2.27      5.05     30.51
  21 UG/CA      0.73     -1.89      3.55      2.10      4.82     32.22
          ~~~~~~~~~~~~~~~~~~~~~~~~~~~~~~~~~~~~~~~~~~~~~~~~~~~~~~~~~~~~
      ave.     -0.14     -1.61      3.33      0.44      6.03     32.07
      s.d.      1.54      0.68      0.94      3.71      6.06     29.32
****************************************************************************
CompDNA base-pair parameters
     bp        Shear    Stretch   Stagger    Buckle  Propeller  Opening
    1 G-C      -0.55     -0.28     -0.43     -6.27     -9.84     -0.70
    2 C-G       0.13     -0.08      0.03     -7.92    -10.32     -2.67
    3 G-C      -0.08     -0.11      0.08     -4.77    -11.90      0.28
    4 G-U      -2.56     -0.50      0.46     11.00     -9.72     -1.56
    5 A-U       0.10     -0.02      0.07      3.36    -17.40      5.51
    6 U-A       0.06     -0.13     -0.08     -0.61    -23.71      5.39
    7 U-A      -0.01     -0.20      0.02     -3.19     -2.38      0.30
    8 U-A      -0.36     -0.06     -0.01     -2.35     -9.48      2.55
    9 G-C      -0.15     -0.02      0.37     -2.45    -10.66      2.45
   10 G-C      -0.16     -0.12      0.37     -6.56    -17.70     -4.23
   11 G-C       6.95      0.83      1.43    -33.26     -1.41    -18.61
   12 C-G       0.23     -0.18      0.23     -6.15    -17.07      2.11
   13 U-A      -0.14     -0.01      0.19    -10.58     -4.27     -5.90
   14 C-G       0.25     -0.15      0.00      5.91      1.20      0.48
   15 A-U      -4.14     -1.91      0.77      4.61     12.11   -102.82
   16 G+C       0.12      3.74      0.17      4.74     -0.97    155.70
   17 G-C      -0.45     -0.06     -0.07    -25.15    -25.34      0.73
   18 U-A       6.06     -9.44      1.18     12.18     20.66    -53.46
   19 U-A      -0.13     -0.17     -0.11     -1.83     -6.15     -2.40
   20 G-C      -0.14     -0.17     -0.26     -6.14    -13.78      2.26
   21 U-A      -0.27     -0.09      0.03     -1.46    -10.84      2.53
   22 G-C      -0.28     -0.15     -0.14    -10.80     -9.95      0.24
          ~~~~~~~~~~~~~~~~~~~~~~~~~~~~~~~~~~~~~~~~~~~~~~~~~~~~~~~~~~~~
      ave.      0.20     -0.42      0.19     -3.99     -8.13     -0.54
      s.d.      2.28      2.23      0.44     10.35     10.57     42.63
****************************************************************************
CompDNA base-pair step parameters
    step       Shift     Slide      Rise      Tilt      Roll     Twist
   1 GC/GC     -0.38     -1.79      3.29     -3.44      7.62     34.97
   2 CG/CG      0.05     -1.18      3.14      0.89      9.12     30.53
   3 GG/UC      0.38     -1.60      2.63     -5.01      7.05     22.85
   4 GA/UU      0.03     -1.25      3.32      0.93      6.80     44.40
   5 AU/AU      0.39     -1.63      3.19      2.24      9.71     32.08
   6 UU/AA     -0.51     -1.38      3.35     -1.46     10.25     30.08
   7 UU/AA      ----      ----      ----      ----      ----      ----
   8 UG/CA      0.03     -1.93      3.12     -1.87      6.17     27.97
   9 GG/CC     -0.28     -1.48      3.32      0.15      3.71     38.24
  10 GG/CC     -0.80     -2.58      6.68      5.57     18.49     91.78
  11 GC/GC     -4.47     -0.85      1.99      4.26     -3.95     45.25
  12 CU/AG     -0.37     -1.25      3.30      0.81      6.45     30.88
  13 UC/GA      1.76     -1.96      2.93      3.03      1.55     28.08
  14 CA/UG     -2.36     -0.34      3.26     -0.44     -7.67     56.64
  15 AG/CU      2.70     -3.27      3.33      2.01      8.63    -63.99
  16 GG/CC      ----      ----      ----      ----      ----      ----
  17 GU/AC      ----      ----      ----      ----      ----      ----
  18 UU/AA      ----      ----      ----      ----      ----      ----
  19 UG/CA      0.24     -1.38      3.46      1.60      8.55     31.34
  20 GU/AC      0.13     -1.06      3.07     -2.27      5.14     30.48
  21 UG/CA      0.73     -1.88      3.55      2.00      4.86     32.19
          ~~~~~~~~~~~~~~~~~~~~~~~~~~~~~~~~~~~~~~~~~~~~~~~~~~~~~~~~~~~~
      ave.     -0.16     -1.58      3.35      0.53      6.03     31.99
      s.d.      1.53      0.67      0.93      2.73      5.75     29.47
****************************************************************************
Curves base-pair parameters (by Xiang-Jun Lu)
     bp        Shear    Stretch   Stagger    Buckle  Propeller  Opening
    1 G-C      -0.55     -0.28     -0.43     -6.34     -9.81     -0.70
    2 C-G       0.13     -0.08      0.03     -8.01    -10.27     -2.67
    3 G-C      -0.09     -0.11      0.08     -4.85    -11.88      0.28
    4 G-U      -2.55     -0.52      0.46     11.12     -9.63     -1.55
    5 A-U       0.10     -0.02      0.07      3.48    -17.38      5.57
    6 U-A       0.06     -0.13     -0.08     -0.65    -23.71      5.50
    7 U-A      -0.01     -0.20      0.02     -3.19     -2.37      0.30
    8 U-A      -0.36     -0.06     -0.01     -2.38     -9.48      2.56
    9 G-C      -0.15     -0.02      0.37     -2.48    -10.65      2.46
   10 G-C      -0.17     -0.12      0.37     -6.80    -17.64     -4.27
   11 G-C       6.95      0.80      1.49    -33.27     -1.29    -17.85
   12 C-G       0.23     -0.19      0.24     -6.36    -17.02      2.13
   13 U-A      -0.14     -0.01      0.19    -10.61     -4.23     -5.88
   14 C-G       0.25     -0.15      0.00      5.91      1.20      0.48
   15 A-U      -4.14     -1.90      0.77      4.66     12.10   -103.09
   16 G+C       0.12      3.74      0.17      4.74     -0.97    155.68
   17 G-C      -0.46     -0.04     -0.08    -27.01    -24.02      0.73
   18 U-A       5.91     -9.54      1.21     12.70     20.46    -53.95
   19 U-A      -0.13     -0.17     -0.11     -1.84     -6.15     -2.40
   20 G-C      -0.14     -0.17     -0.27     -6.28    -13.74      2.27
   21 U-A      -0.27     -0.09      0.03     -1.48    -10.84      2.55
   22 G-C      -0.28     -0.15     -0.14    -10.93     -9.86      0.24
          ~~~~~~~~~~~~~~~~~~~~~~~~~~~~~~~~~~~~~~~~~~~~~~~~~~~~~~~~~~~~
      ave.      0.20     -0.43      0.20     -4.08     -8.05     -0.53
      s.d.      2.26      2.25      0.45     10.60     10.44     42.68
****************************************************************************
Curves base-pair step parameters
    step       Shift     Slide      Rise      Tilt      Roll     Twist
   1 GC/GC     -0.39     -1.79      3.30     -3.42      7.63     35.12
   2 CG/CG      0.04     -1.18      3.15      0.95      9.11     30.51
   3 GG/UC      0.39     -1.60      2.64     -5.05      7.02     22.16
   4 GA/UU      0.04     -1.25      3.33      0.89      6.80     44.68
   5 AU/AU      0.39     -1.63      3.20      2.25      9.71     32.51
   6 UU/AA     -0.51     -1.38      3.36     -1.47     10.25     30.16
   7 UU/AA      ----      ----      ----      ----      ----      ----
   8 UG/CA      0.03     -1.93      3.13     -1.86      6.18     28.02
   9 GG/CC     -0.29     -1.48      3.32      0.17      3.71     38.66
  10 GG/CC     -0.82     -2.58      6.77      5.79     18.45     92.15
  11 GC/GC     -4.48     -0.83      1.99      4.24     -3.98     45.52
  12 CU/AG     -0.38     -1.25      3.30      0.85      6.45     30.66
  13 UC/GA      1.76     -1.96      2.93      3.03      1.55     27.90
  14 CA/UG     -2.36     -0.33      3.27     -0.45     -7.67     56.81
  15 AG/CU      2.69     -3.28      3.34      2.05      8.62    -64.23
  16 GG/CC      ----      ----      ----      ----      ----      ----
  17 GU/AC      ----      ----      ----      ----      ----      ----
  18 UU/AA      ----      ----      ----      ----      ----      ----
  19 UG/CA      0.24     -1.38      3.47      1.64      8.54     31.74
  20 GU/AC      0.13     -1.06      3.07     -2.26      5.14     30.20
  21 UG/CA      0.72     -1.89      3.55      2.03      4.85     32.62
          ~~~~~~~~~~~~~~~~~~~~~~~~~~~~~~~~~~~~~~~~~~~~~~~~~~~~~~~~~~~~
      ave.     -0.17     -1.58      3.36      0.55      6.02     32.07
      s.d.      1.53      0.67      0.95      2.76      5.74     29.61
****************************************************************************
FreeHelix base-pair parameters (by Xiang-Jun Lu)
     bp        Shear    Stretch   Stagger    Buckle  Propeller  Opening
    1 G-C      -0.55     -0.28     -0.43     -6.29     -9.85     -0.70
    2 C-G       0.13     -0.08      0.03     -7.95    -10.35     -2.67
    3 G-C      -0.08     -0.11      0.08     -4.79    -11.91      0.28
    4 G-U      -2.56     -0.50      0.46     11.04     -9.77     -1.56
    5 A-U       0.10     -0.02      0.07      3.40    -17.41      5.51
    6 U-A       0.06     -0.13     -0.08     -0.63    -23.71      5.39
    7 U-A      -0.01     -0.20      0.02     -3.19     -2.38      0.30
    8 U-A      -0.36     -0.06     -0.01     -2.36     -9.48      2.55
    9 G-C      -0.15     -0.02      0.37     -2.46    -10.66      2.45
   10 G-C      -0.16     -0.12      0.37     -6.64    -17.73     -4.23
   11 G-C       6.95      0.83      1.43    -33.27     -1.47    -18.61
   12 C-G       0.23     -0.18      0.23     -6.22    -17.10      2.11
   13 U-A      -0.14     -0.01      0.19    -10.59     -4.29     -5.90
   14 C-G       0.25     -0.15      0.00      5.91      1.20      0.48
   15 A-U      -4.13     -1.92      0.77      4.61     12.13   -102.82
   16 G+C       0.12      3.74      0.17      4.74     -0.97    155.70
   17 G-C      -0.45     -0.06     -0.07    -25.79    -25.97      0.73
   18 U-A       6.10     -9.42      1.18     12.30     20.82    -53.46
   19 U-A      -0.13     -0.17     -0.11     -1.83     -6.15     -2.40
   20 G-C      -0.14     -0.17     -0.26     -6.19    -13.80      2.26
   21 U-A      -0.27     -0.09      0.03     -1.47    -10.84      2.53
   22 G-C      -0.28     -0.15     -0.14    -10.85     -9.99      0.24
          ~~~~~~~~~~~~~~~~~~~~~~~~~~~~~~~~~~~~~~~~~~~~~~~~~~~~~~~~~~~~
      ave.      0.21     -0.42      0.19     -4.02     -8.17     -0.54
      s.d.      2.28      2.22      0.44     10.43     10.64     42.63
****************************************************************************
FreeHelix base-pair step parameters
    step       Shift     Slide      Rise      Tilt      Roll     Twist
   1 GC/GC     -0.38     -1.79      3.29     -3.45      7.63     34.97
   2 CG/CG      0.05     -1.18      3.14      0.89      9.12     30.53
   3 GG/UC      0.38     -1.60      2.63     -5.02      7.05     22.85
   4 GA/UU      0.03     -1.25      3.32      0.93      6.80     44.40
   5 AU/AU      0.39     -1.63      3.19      2.25      9.71     32.08
   6 UU/AA     -0.51     -1.38      3.35     -1.47     10.25     30.08
   7 UU/AA      ----      ----      ----      ----      ----      ----
   8 UG/CA      0.03     -1.93      3.12     -1.87      6.18     27.97
   9 GG/CC     -0.28     -1.48      3.32      0.15      3.71     38.24
  10 GG/CC     -0.79     -2.59      6.68      5.57     18.54     91.78
  11 GC/GC     -4.47     -0.85      1.99      4.26     -3.96     45.26
  12 CU/AG     -0.37     -1.25      3.30      0.81      6.46     30.88
  13 UC/GA      1.76     -1.96      2.93      3.03      1.55     28.08
  14 CA/UG     -2.36     -0.34      3.26     -0.43     -7.67     56.49
  15 AG/CU      2.71     -3.27      3.33      2.00      8.64    -63.82
  16 GG/CC      ----      ----      ----      ----      ----      ----
  17 GU/AC      ----      ----      ----      ----      ----      ----
  18 UU/AA      ----      ----      ----      ----      ----      ----
  19 UG/CA      0.24     -1.38      3.46      1.60      8.55     31.34
  20 GU/AC      0.13     -1.06      3.07     -2.27      5.14     30.48
  21 UG/CA      0.73     -1.88      3.55      2.00      4.86     32.19
          ~~~~~~~~~~~~~~~~~~~~~~~~~~~~~~~~~~~~~~~~~~~~~~~~~~~~~~~~~~~~
      ave.     -0.16     -1.58      3.35      0.53      6.03     31.99
      s.d.      1.54      0.66      0.93      2.73      5.75     29.43
****************************************************************************
NGEOM base-pair parameters
     bp        Shear    Stretch   Stagger    Buckle  Propeller  Opening
    1 G-C      -0.55     -0.28     -0.43     -6.30     -9.83     -0.70
    2 C-G       0.13     -0.08      0.03     -7.96    -10.30     -2.67
    3 G-C      -0.09     -0.11      0.08     -4.80    -11.89      0.28
    4 G-U      -2.56     -0.51      0.46     11.05     -9.69     -1.55
    5 A-U       0.10     -0.02      0.07      3.41    -17.40      5.57
    6 U-A       0.06     -0.13     -0.08     -0.63    -23.71      5.50
    7 U-A      -0.01     -0.20      0.02     -3.19     -2.38      0.30
    8 U-A      -0.36     -0.06     -0.01     -2.36     -9.48      2.56
    9 G-C      -0.15     -0.02      0.37     -2.46    -10.66      2.46
   10 G-C      -0.16     -0.12      0.37     -6.67    -17.68     -4.27
   11 G-C       6.98      0.82      1.27    -33.27     -1.37    -17.85
   12 C-G       0.23     -0.18      0.23     -6.25    -17.05      2.13
   13 U-A      -0.14     -0.01      0.19    -10.59     -4.26     -5.88
   14 C-G       0.25     -0.15      0.00      5.91      1.20      0.48
   15 A-U      -4.15     -1.94      0.59      4.62     12.12   -103.09
   16 G+C       0.13      3.74      0.19      4.74     -0.97    155.68
   17 G-C      -0.46     -0.05     -0.07    -26.00    -24.90      0.73
   18 U-A       5.98     -9.53      0.92     12.36     20.63    -53.95
   19 U-A      -0.13     -0.17     -0.11     -1.83     -6.15     -2.40
   20 G-C      -0.14     -0.17     -0.26     -6.20    -13.77      2.27
   21 U-A      -0.27     -0.09      0.03     -1.47    -10.84      2.55
   22 G-C      -0.28     -0.15     -0.14    -10.86     -9.92      0.24
          ~~~~~~~~~~~~~~~~~~~~~~~~~~~~~~~~~~~~~~~~~~~~~~~~~~~~~~~~~~~~
      ave.      0.20     -0.43      0.17     -4.03     -8.10     -0.53
      s.d.      2.27      2.24      0.38     10.46     10.53     42.68
****************************************************************************
NGEOM base-pair step parameters
    step       Shift     Slide      Rise      Tilt      Roll     Twist
   1 GC/GC     -0.40     -1.75      3.30     -3.43      7.63     35.08
   2 CG/CG      0.05     -1.14      3.16      0.92      9.12     30.57
   3 GG/UC      0.37     -1.58      2.65     -5.03      7.04     22.51
   4 GA/UU      0.04     -1.21      3.34      0.91      6.80     44.57
   5 AU/AU      0.40     -1.59      3.21      2.24      9.71     32.34
   6 UU/AA     -0.52     -1.34      3.36     -1.47     10.25     30.18
   7 UU/AA      ----      ----      ----      ----      ----      ----
   8 UG/CA      0.02     -1.91      3.14     -1.86      6.18     28.01
   9 GG/CC     -0.28     -1.46      3.33      0.16      3.71     38.46
  10 GG/CC     -0.67     -2.11      6.86      5.65     18.48     92.31
  11 GC/GC     -4.46     -0.86      2.01      4.25     -3.97     45.38
  12 CU/AG     -0.37     -1.23      3.31      0.83      6.45     30.80
  13 UC/GA      1.77     -1.95      2.93      3.03      1.55     27.99
  14 CA/UG     -2.36     -0.39      3.25     -0.44     -7.67     56.70
  15 AG/CU      2.68     -3.34      3.27      2.01      8.63    -64.09
  16 GG/CC      ----      ----      ----      ----      ----      ----
  17 GU/AC      ----      ----      ----      ----      ----      ----
  18 UU/AA      ----      ----      ----      ----      ----      ----
  19 UG/CA      0.25     -1.35      3.47      1.62      8.55     31.58
  20 GU/AC      0.12     -1.05      3.07     -2.26      5.14     30.35
  21 UG/CA      0.73     -1.86      3.56      2.01      4.85     32.42
          ~~~~~~~~~~~~~~~~~~~~~~~~~~~~~~~~~~~~~~~~~~~~~~~~~~~~~~~~~~~~
      ave.     -0.15     -1.54      3.37      0.54      6.03     32.07
      s.d.      1.53      0.64      0.97      2.74      5.75     29.58
****************************************************************************
NUPARM base-pair parameters
     bp        Shear    Stretch   Stagger    Buckle  Propeller  Opening
    1 G-C      -0.55     -0.28     -0.43     -6.29     -9.82     -0.69
    2 C-G       0.13     -0.08      0.03     -7.95    -10.30     -2.65
    3 G-C      -0.09     -0.11      0.08     -4.79    -11.89      0.28
    4 G-U      -2.55     -0.50      0.46     11.04     -9.68     -1.54
    5 A-U       0.10     -0.02      0.07      3.40    -17.41      5.50
    6 U-A       0.06     -0.13     -0.08     -0.63    -23.74      5.39
    7 U-A      -0.01     -0.20      0.02     -3.19     -2.38      0.30
    8 U-A      -0.36     -0.06     -0.01     -2.36     -9.48      2.55
    9 G-C      -0.15     -0.02      0.37     -2.46    -10.66      2.45
   10 G-C      -0.16     -0.12      0.37     -6.64    -17.68     -4.21
   11 G-C       7.01      0.83      1.11    -33.65     -1.36    -17.09
   12 C-G       0.23     -0.18      0.23     -6.22    -17.05      2.10
   13 U-A      -0.14     -0.01      0.19    -10.61     -4.26     -5.85
   14 C-G       0.25     -0.15      0.00      5.91      1.20      0.48
   15 A-U      -4.17     -2.00      0.30      7.34     19.34   -102.17
   16 G+C       0.15      3.74      0.29     22.24     -4.52    155.21
   17 G-C      -0.46     -0.06     -0.07    -25.79    -24.69      0.69
   18 U-A       5.84     -9.49      0.64     13.73     23.00    -52.68
   19 U-A      -0.13     -0.17     -0.11     -1.83     -6.15     -2.40
   20 G-C      -0.14     -0.17     -0.26     -6.19    -13.76      2.25
   21 U-A      -0.27     -0.09      0.03     -1.47    -10.84      2.53
   22 G-C      -0.28     -0.15     -0.14    -10.85     -9.90      0.24
          ~~~~~~~~~~~~~~~~~~~~~~~~~~~~~~~~~~~~~~~~~~~~~~~~~~~~~~~~~~~~
      ave.      0.20     -0.43      0.14     -3.06     -7.82     -0.42
      s.d.      2.26      2.24      0.33     11.96     11.48     42.40
****************************************************************************
NUPARM base-pair step parameters
    step       Shift     Slide      Rise      Tilt      Roll     Twist
   1 GC/GC     -0.42     -1.71      3.32     -3.49      7.98     34.93
   2 CG/CG      0.05     -1.11      3.17      0.82      9.58     30.51
   3 GG/UC      0.36     -1.57      2.66     -5.05      7.25     22.80
   4 GA/UU      0.05     -1.18      3.35      0.52      7.04     44.41
   5 AU/AU      0.41     -1.58      3.21      2.22      9.92     32.14
   6 UU/AA     -0.53     -1.31      3.37     -0.97     10.46     30.12
   7 UU/AA      ----      ----      ----      ----      ----      ----
   8 UG/CA      0.02     -1.90      3.15     -1.95      6.31     27.97
   9 GG/CC     -0.28     -1.43      3.34      0.64      3.85     38.23
  10 GG/CC     -0.25     -1.41      7.06     10.40     24.33     90.46
  11 GC/GC     -4.40     -0.88      2.15      5.40     -1.70     45.08
  12 CU/AG     -0.37     -1.20      3.32      1.16      6.35     30.88
  13 UC/GA      1.78     -1.94      2.93      3.09      1.88     28.05
  14 CA/UG     -2.46     -0.71      3.13     -9.54     -9.80     55.53
  15 AG/CU      2.92     -3.70      2.61      2.74      2.49    -62.98
  16 GG/CC      ----      ----      ----      ----      ----      ----
  17 GU/AC      ----      ----      ----      ----      ----      ----
  18 UU/AA      ----      ----      ----      ----      ----      ----
  19 UG/CA      0.25     -1.31      3.48      1.45      8.93     31.33
  20 GU/AC      0.11     -1.03      3.08     -2.36      5.22     30.47
  21 UG/CA      0.74     -1.84      3.56      2.19      5.00     32.19
          ~~~~~~~~~~~~~~~~~~~~~~~~~~~~~~~~~~~~~~~~~~~~~~~~~~~~~~~~~~~~
      ave.     -0.12     -1.52      3.35      0.43      6.18     31.89
      s.d.      1.55      0.66      1.02      4.36      6.81     29.04
****************************************************************************
NUPARM base-pair helical parameters
    step       X-disp    Y-disp   h-Rise     Incl.       Tip   h-Twist
   1 GC/GC     -4.03      0.23      2.89     12.36      5.33     35.96
   2 CG/CG     -3.83      0.04      2.70     17.07     -1.52     31.97
   3 GG/UC     -5.76     -1.99      1.96     17.56     11.79     24.51
   4 GA/UU     -2.24     -0.02      3.12      8.52     -0.58     44.93
   5 AU/AU     -4.45     -0.43      2.64     16.51     -3.65     33.64
   6 UU/AA     -4.54      0.85      2.77     18.72      1.68     31.86
   7 UU/AA      ----      ----      ----      ----      ----      ----
   8 UG/CA     -5.26     -0.41      2.65     12.42      3.79     28.72
   9 GG/CC     -2.69      0.51      3.18      5.49     -0.95     38.42
  10 GG/CC     -2.36      0.76      6.42     11.82     -5.11     93.48
  11 GC/GC     -1.07      6.03      1.63     -1.99     -6.45     45.42
  12 CU/AG     -3.48      0.90      2.99     11.44     -2.13     31.54
  13 UC/GA     -4.44     -3.02      2.97      3.77     -6.15     28.28
  14 CA/UG     -0.09      2.00      3.57     -9.06      8.89     57.05
  15 AG/CU      3.44      2.91      2.63     -2.00      2.22    -63.08
  16 GG/CC      ----      ----      ----      ----      ----      ----
  17 GU/AC      ----      ----      ----      ----      ----      ----
  18 UU/AA      ----      ----      ----      ----      ----      ----
  19 UG/CA     -4.11     -0.20      3.01     15.37     -2.55     32.56
  20 GU/AC     -2.94     -0.62      2.84      9.54      4.22     31.00
  21 UG/CA     -4.28     -0.93      3.28      8.50     -3.78     32.63
          ~~~~~~~~~~~~~~~~~~~~~~~~~~~~~~~~~~~~~~~~~~~~~~~~~~~~~~~~~~~~
      ave.     -3.07      0.39      3.01      9.18      0.30     32.88
      s.d.      2.22      1.99      0.99      7.81      5.20     29.50
****************************************************************************
RNA base-pair parameters
     bp        Shear    Stretch   Stagger    Buckle  Propeller  Opening
    1 G-C      -0.54     -0.29     -0.43     -6.30     -9.83     -0.70
    2 C-G       0.14     -0.09      0.03     -7.96    -10.30     -2.66
    3 G-C      -0.08     -0.12      0.08     -4.80    -11.89      0.28
    4 G-U      -2.57     -0.53      0.46     11.05     -9.69     -1.55
    5 A-U       0.09     -0.02      0.05      3.41    -17.40      5.52
    6 U-A       0.07     -0.13     -0.10     -0.63    -23.72      5.43
    7 U-A      -0.01     -0.20      0.02     -3.19     -2.38      0.30
    8 U-A      -0.36     -0.06     -0.01     -2.36     -9.48      2.55
    9 G-C      -0.15     -0.02      0.37     -2.46    -10.66      2.45
   10 G-C      -0.15     -0.13      0.38     -6.67    -17.68     -4.23
   11 G-C       6.99      0.62      1.27    -33.40     -1.37    -17.34
   12 C-G       0.25     -0.19      0.23     -6.25    -17.06      2.11
   13 U-A      -0.14     -0.03      0.20    -10.60     -4.26     -5.86
   14 C-G       0.25     -0.15      0.00      5.91      1.20      0.48
   15 A-U      -4.14     -3.30      0.40      5.30     13.91   -102.60
   16 G+C       0.13      0.89      0.17      6.59     -1.35    155.56
   17 G-C      -0.37     -0.14     -0.08    -26.00    -24.90      0.70
   18 U-A       6.02     -9.93      0.77     12.83     21.40    -53.13
   19 U-A      -0.13     -0.17     -0.10     -1.83     -6.15     -2.40
   20 G-C      -0.13     -0.18     -0.27     -6.20    -13.77      2.26
   21 U-A      -0.26     -0.09      0.03     -1.47    -10.84      2.54
   22 G-C      -0.26     -0.16     -0.14    -10.86     -9.92      0.24
          ~~~~~~~~~~~~~~~~~~~~~~~~~~~~~~~~~~~~~~~~~~~~~~~~~~~~~~~~~~~~
      ave.      0.21     -0.66      0.15     -3.90     -8.01     -0.46
      s.d.      2.28      2.20      0.36     10.62     10.79     42.54
****************************************************************************
RNA base-pair step parameters
    step       Shift     Slide      Rise      Tilt      Roll     Twist
   1 GC/GC     -0.38     -1.74      3.28     -3.42      7.74     35.01
   2 CG/CG     -0.01     -1.13      3.20      0.88      9.29     30.50
   3 GG/UC      0.41     -1.57      2.89     -5.03      7.12     22.47
   4 GA/UU     -0.05     -1.24      3.22      0.71      6.83     44.53
   5 AU/AU      0.40     -1.66      3.15      2.21      9.75     32.30
   6 UU/AA     -0.45     -1.37      3.33     -1.21     10.29     30.12
   7 UU/AA      ----      ----      ----      ----      ----      ----
   8 UG/CA      0.02     -1.94      3.14     -1.89      6.21     27.99
   9 GG/CC     -0.19     -1.45      3.26      0.40      3.75     38.44
  10 GG/CC     -0.55     -1.82      6.42      7.30     19.83     91.16
  11 GC/GC     -4.70     -0.75      2.48      4.75     -2.82     45.29
  12 CU/AG     -0.26     -1.21      3.24      1.00      6.36     30.76
  13 UC/GA      1.68     -1.93      3.19      3.04      1.71     27.97
  14 CA/UG     -1.14      0.18      3.30     -3.69     -8.40     56.38
  15 AG/CU      0.05     -3.28      3.17      3.93      8.24    -63.70
  16 GG/CC      ----      ----      ----      ----      ----      ----
  17 GU/AC      ----      ----      ----      ----      ----      ----
  18 UU/AA      ----      ----      ----      ----      ----      ----
  19 UG/CA      0.17     -1.34      3.40      1.54      8.68     31.52
  20 GU/AC      0.11     -1.07      3.15     -2.29      5.15     30.33
  21 UG/CA      0.76     -1.87      3.41      2.09      4.90     32.40
          ~~~~~~~~~~~~~~~~~~~~~~~~~~~~~~~~~~~~~~~~~~~~~~~~~~~~~~~~~~~~
      ave.     -0.24     -1.48      3.37      0.61      6.15     31.97
      s.d.      1.30      0.70      0.82      3.25      5.93     29.34
****************************************************************************
RNA base-pair helical parameters
    step       X-disp    Y-disp   h-Rise     Incl.       Tip   h-Twist
   1 GC/GC     -3.89      0.14      2.85     12.42      5.50     36.02
   2 CG/CG     -3.67      0.17      2.73     16.94     -1.60     31.89
   3 GG/UC     -5.61     -2.27      2.15     17.32     12.24     24.10
   4 GA/UU     -2.24      0.13      2.99      8.72     -0.90     45.05
   5 AU/AU     -4.30     -0.37      2.56     16.77     -3.80     33.81
   6 UU/AA     -4.33      0.60      2.72     18.86      2.22     31.85
   7 UU/AA      ----      ----      ----      ----      ----      ----
   8 UG/CA     -5.17     -0.43      2.64     12.49      3.81     28.73
   9 GG/CC     -2.65      0.33      3.11      5.57     -0.59     38.63
  10 GG/CC     -2.15      0.71      5.83     12.25     -4.51     93.58
  11 GC/GC     -0.78      6.36      2.02     -3.55     -5.97     45.62
  12 CU/AG     -3.39      0.67      2.91     11.68     -1.83     31.43
  13 UC/GA     -4.36     -2.73      3.23      3.48     -6.20     28.19
  14 CA/UG      0.70      0.97      3.30     -8.46      3.71     57.12
  15 AG/CU      2.67      0.24      3.55     -7.36      3.51    -64.35
  16 GG/CC      ----      ----      ----      ----      ----      ----
  17 GU/AC      ----      ----      ----      ----      ----      ----
  18 UU/AA      ----      ----      ----      ----      ----      ----
  19 UG/CA     -3.90     -0.03      2.93     15.39     -2.72     32.73
  20 GU/AC     -2.97     -0.63      2.91      9.61      4.28     30.85
  21 UG/CA     -4.18     -0.97      3.13      8.59     -3.66     32.83
          ~~~~~~~~~~~~~~~~~~~~~~~~~~~~~~~~~~~~~~~~~~~~~~~~~~~~~~~~~~~~
      ave.     -2.96      0.17      3.03      8.87      0.20     32.83
      s.d.      2.13      1.88      0.82      8.46      4.87     29.80
****************************************************************************
Strand I base step parameters
    step       Shift     Slide      Rise      Tilt      Roll     Twist
   1  G/C      -0.77     -1.94      3.39     -1.26      5.30     34.64
   2  C/G      -0.71     -1.32      3.27      5.37      6.81     32.11
   3  G/G      -1.15     -1.95      3.19      4.81      8.80     21.35
   4  G/A       0.30     -1.26      3.19      2.65      6.08     47.42
   5  A/U      -0.09     -1.62      3.23      6.36      6.85     31.35
   6  U/U      -1.03     -1.47      3.44      1.24     20.22     27.95
   7  U/U     -28.25     18.39    -13.41     36.04     68.35    -37.33
   8  U/G      -0.49     -2.02      3.30      0.64      5.06     28.11
   9  G/G      -0.91     -1.67      3.37      2.89     -1.10     34.94
  10  G/G       0.16     -0.56      6.73      2.76     10.87     87.05
  11  G/C      -9.14     -0.75      2.69     22.27    -17.93     52.40
  12  C/U      -1.04     -1.41      3.26      1.43     10.49     27.32
  13  U/C       1.08     -2.03      3.13     11.46      3.95     31.15
  14  C/A      -2.90     -3.51      3.29     -3.60     -2.13      4.88
  15  A/G       2.90     -0.92      3.34      5.30     -0.58     65.37
  16  G/G      -4.76     -8.36     16.04    -47.80    -88.32     27.92
  17  G/U     -38.86     21.13     23.80      9.24    -77.28    -73.14
  18  U/U      10.03    -46.91    -17.66     58.03     87.66     72.76
  19  U/G      -0.48     -1.48      3.39      2.25      3.84     33.88
  20  G/U      -0.55     -1.18      3.27      3.40      5.54     30.60
  21  U/G       0.08     -2.16      3.29      0.46      3.61     31.36
          ~~~~~~~~~~~~~~~~~~~~~~~~~~~~~~~~~~~~~~~~~~~~~~~~~~~~~~~~~~~~
      ave.     -3.65     -2.05      3.22      5.90      3.15     29.15
      s.d.     10.63     12.28      8.10     18.86     36.89     33.98
****************************************************************************
Strand I base helical parameters
    step       X-disp    Y-disp   h-Rise     Incl.       Tip   h-Twist
   1  G/C      -4.03     -0.72      3.08      8.69      2.07     35.06
   2  C/G      -3.41      0.30      2.77     11.87     -9.35     33.26
   3  G/G      -7.21      2.35      1.92     22.08    -12.07     23.59
   4  G/A      -2.04     -1.97      3.02      7.30     -3.18     47.88
   5  A/U      -4.01     -0.59      2.74     12.17    -11.30     32.71
   6  U/U      -5.38      0.10      1.89     35.87     -2.19     34.52
   7  U/U      -4.53    -27.29     -8.62    -56.80     29.95    -85.82
   8  U/G      -5.22     -0.68      2.87     10.20     -1.30     28.57
   9  G/G      -2.60      0.16      3.34     -1.79     -4.73     35.08
  10  G/G      -1.00     -1.77      6.61      7.11     -1.81     87.77
  11  G/C      -0.46      7.75     -0.82    -17.94    -22.29     59.69
  12  C/U      -4.88      0.52      2.48     20.98     -2.86     29.30
  13  U/C      -4.18     -1.77      3.05      6.92    -20.10     33.42
  14  C/A     -16.87     -0.33      5.29    -20.72     34.95      6.43
  15  A/G      -0.82     -4.23      3.57     -0.51     -4.64     65.59
  16  G/G       7.24     -5.58     13.56    -65.49     35.44    104.23
  17  G/U       2.55    -24.13     34.95     46.45      5.55   -106.81
  18  U/U     -12.66    -16.30    -37.66     46.12    -30.53    127.85
  19  U/G      -3.16     -0.63      3.16      6.46     -3.79     34.17
  20  G/U      -3.22     -0.15      2.93     10.23     -6.28     31.28
  21  U/G      -4.64     -1.87      3.03      6.57     -0.83     31.57
          ~~~~~~~~~~~~~~~~~~~~~~~~~~~~~~~~~~~~~~~~~~~~~~~~~~~~~~~~~~~~
      ave.     -3.83     -3.66      2.53      4.56     -1.40     32.83
      s.d.      4.82      8.49     12.15     27.52     16.87     51.76
****************************************************************************
Strand II base step parameters
    step       Shift     Slide      Rise      Tilt      Roll     Twist
   1  C/G       0.03     -1.57      3.26     -5.57     10.22     35.03
   2  G/C       0.69     -0.96      3.29     -3.41     11.71     28.33
   3  C/U       1.99     -1.22      2.92    -14.95      5.49     22.65
   4  U/U      -0.42     -1.24      3.22     -0.87      7.75     41.48
   5  U/A       0.89     -1.62      3.35     -2.19     12.43     32.52
   6  A/A       0.13     -1.24      3.38     -3.65      0.36     32.26
   7  A/A     -28.52     16.97    -19.64     38.13     74.10    -39.29
   8  A/C       0.55     -1.82      3.09     -4.44      7.30     27.62
   9  C/C       0.54     -1.23      3.38     -2.49      8.74     41.43
  10  C/C      -1.55     -3.05      6.86     12.10     29.34     93.93
  11  C/G      -0.36     -1.26      3.02    -11.16     11.84     34.59
  12  G/A       0.51     -1.04      3.39      0.15      2.54     34.45
  13  A/G       2.28     -1.87      3.25     -5.40     -0.41     24.78
  14  G/U       2.75      1.30      3.23     -4.11    -17.37    107.48
  15  U/C       1.67      5.95      4.26      6.94    -23.35    164.91
  16  C/C       1.79     -0.27     17.93    -73.08     61.00   -140.97
  17  C/A     -33.11     39.79     19.97    -60.75   -109.39    -31.07
  18  A/A     -12.57    -45.42    -28.24    110.39     56.26     41.38
  19  A/C       0.80     -1.20      3.55      1.04     13.45     28.96
  20  C/A       0.78     -0.93      3.19     -7.92      4.61     29.48
  21  A/C       1.41     -1.55      3.66      3.60      6.26     33.51
          ~~~~~~~~~~~~~~~~~~~~~~~~~~~~~~~~~~~~~~~~~~~~~~~~~~~~~~~~~~~~
      ave.     -2.84     -0.17      2.40     -1.32      8.23     30.64
      s.d.      9.82     14.15     10.02     34.20     35.80     57.71
****************************************************************************
Strand II base helical parameters
    step       X-disp    Y-disp   h-Rise     Incl.       Tip   h-Twist
   1  C/G      -3.81      1.04      2.65     16.14      8.80     36.92
   2  G/C      -3.99     -0.13      2.58     22.36      6.51     30.84
   3  C/U      -3.46     -4.83      1.07     12.11     32.96     27.69
   4  U/U      -2.51      2.30      2.94     10.59      1.19     42.20
   5  U/A      -4.51      0.01      2.49     20.89      3.67     34.88
   6  A/A      -2.28      0.90      3.33      0.63      6.46     32.47
   7  A/A      -0.10    -24.01    -10.22    -57.58     29.63    -92.13
   8  A/C      -5.07     -0.15      2.41     14.70      8.93     28.91
   9  C/C      -2.63      0.80      3.02     11.90      3.39     42.41
  10  C/C      -3.23      3.33      5.41     17.26     -7.12     99.15
  11  C/G      -3.28      1.08      2.44     18.33     17.28     38.23
  12  G/A      -2.16      0.98      3.30      4.21     -0.26     34.55
  13  A/G      -4.14     -4.84      2.72     -0.93     12.28     25.37
  14  G/U       1.10      0.05      2.87     -9.17      2.17    108.95
  15  U/C       3.27      1.05      3.45     -8.05     -2.39    166.69
  16  C/C      -3.17     -1.26     15.72    -21.81    -26.12   -170.10
  17  C/A      -5.78    -25.57     22.97     66.49    -36.93   -128.92
  18  A/A     -12.87    -15.07    -39.13     32.48    -63.73    130.63
  19  A/C      -4.71      0.55      2.74     24.90     -1.92     31.95
  20  C/A      -2.59     -1.12      2.71      8.70     14.92     30.87
  21  A/C      -3.75      0.05      3.44     10.55     -6.06     34.28
          ~~~~~~~~~~~~~~~~~~~~~~~~~~~~~~~~~~~~~~~~~~~~~~~~~~~~~~~~~~~~
      ave.     -3.32     -3.09      1.85      9.27      0.17     27.90
      s.d.      3.02      8.15     11.17     23.33     21.35     77.61
